,Unnamed: 0,es_oficialismo,0_presencia,0_apoyo,1_presencia,1_apoyo,2_presencia,2_apoyo,3_presencia,3_apoyo,nroperiodo,tipo_mayoria,resultado,periodo_Extraordinario,periodo_Ordinario,periodo_Prórroga,sesion_Especial,sesion_Preparatoria,sesion_Tablas
701,701,1,0.912280701754386,1.0,0.7105263157894737,1.0,0.4,1.0,0.7272727272727273,1.0,131,0,1,0,1,0,0,0,1
196,196,0,0.4714285714285714,1.0,0.902439024390244,1.0,0.8888888888888888,1.0,0.8260869565217391,1.0,135,0,1,0,1,0,1,0,0
761,761,1,0.991304347826087,1.0,0.6842105263157895,-0.3076923076923077,0.0,,0.0,,130,0,1,0,1,0,1,0,0
424,424,0,0.5362318840579711,-0.972972972972973,0.9047619047619048,1.0,0.9166666666666666,1.0,0.7391304347826086,1.0,134,0,1,0,1,0,1,0,0
836,836,1,0.8434782608695652,1.0,0.5789473684210527,1.0,0.42857142857142855,1.0,0.3636363636363637,1.0,130,0,1,0,1,0,0,0,1
934,934,0,0.7538461538461538,-1.0,0.9636363636363636,1.0,0.9230769230769232,1.0,0.6111111111111112,0.4545454545454545,137,0,1,0,1,0,1,0,0
517,517,1,0.8991596638655462,1.0,0.7837837837837838,1.0,0.6666666666666666,1.0,0.29411764705882354,1.0,132,0,1,0,1,0,0,0,1
239,239,0,0.7076923076923077,-1.0,0.9636363636363636,1.0,1.0,1.0,0.8947368421052632,0.6470588235294118,135,0,1,1,0,0,1,0,0
379,379,0,0.8428571428571429,-1.0,0.9047619047619048,1.0,0.9722222222222222,1.0,0.8695652173913043,1.0,134,0,1,0,1,0,1,0,0
771,771,1,0.7478260869565218,0.9883720930232558,0.6052631578947368,0.7826086956521741,0.047619047619047616,1.0,0.4545454545454545,-1.0,130,0,1,0,1,0,0,0,1
736,736,1,0.9090909090909092,1.0,0.6052631578947368,1.0,0.2727272727272727,1.0,0.3,1.0,131,0,1,0,1,0,1,0,0
189,189,0,0.3857142857142857,1.0,0.6585365853658537,1.0,0.75,0.9629629629629628,0.6086956521739131,1.0,135,0,1,0,1,0,1,0,0
393,393,0,0.22857142857142854,-1.0,0.9523809523809524,1.0,0.8611111111111112,1.0,0.7391304347826086,1.0,134,0,1,0,1,0,1,0,0
728,728,1,0.9272727272727272,1.0,0.6578947368421053,1.0,0.3636363636363637,1.0,0.3,1.0,131,0,1,0,1,0,1,0,0
754,754,1,0.982608695652174,0.9734513274336284,0.7631578947368421,-1.0,0.7619047619047619,-0.9375,0.9090909090909092,-1.0,130,0,1,0,1,0,0,0,1
612,612,1,0.9736842105263158,1.0,0.8888888888888888,-0.9375,0.8888888888888888,-1.0,0.7058823529411765,0.0,132,0,1,0,0,1,1,0,0
519,519,1,0.7899159663865546,1.0,0.7567567567567568,1.0,0.6111111111111112,1.0,0.4117647058823529,1.0,132,0,1,0,1,0,0,0,1
190,190,0,0.6428571428571429,1.0,0.8536585365853658,1.0,0.9166666666666666,1.0,0.7391304347826086,1.0,135,0,1,0,1,0,1,0,0
856,856,1,0.7906976744186046,1.0,0.8372093023255814,1.0,0.6428571428571429,1.0,0.8947368421052632,1.0,129,0,1,0,1,0,0,0,1
442,442,0,0.9714285714285714,1.0,0.9523809523809524,-1.0,0.8611111111111112,-1.0,1.0,1.0,134,0,1,1,0,0,1,0,0
676,676,1,0.9913793103448276,0.9130434782608696,0.0,,0.0,,0.0,,131,0,1,0,1,0,1,0,0
980,980,0,0.9833333333333332,1.0,0.8431372549019608,-1.0,0.851063829787234,-1.0,0.8666666666666667,-1.0,137,0,1,1,0,0,1,0,0
169,169,0,0.2857142857142857,0.6,0.7804878048780488,0.15625,0.75,0.5555555555555556,0.5652173913043478,0.7692307692307693,135,0,1,0,1,0,1,0,0
853,853,1,0.6395348837209303,1.0,0.6976744186046512,0.8666666666666667,0.42857142857142855,-0.5,0.5789473684210527,-0.7272727272727273,129,0,1,0,1,0,0,0,1
668,668,1,0.9913793103448276,0.9130434782608696,0.0,,0.0,,0.0,,131,0,1,0,1,0,1,0,0
605,605,1,0.9736842105263158,1.0,0.8888888888888888,-0.9375,0.8888888888888888,-1.0,0.7058823529411765,-1.0,132,0,1,0,0,1,1,0,0
964,964,0,0.7538461538461538,0.979591836734694,0.6545454545454545,0.9444444444444444,0.8205128205128205,1.0,0.4117647058823529,1.0,137,0,1,0,1,0,1,0,0
674,674,1,0.9913793103448276,0.9130434782608696,0.0,,0.0,,0.0,,131,0,1,0,1,0,1,0,0
100,100,0,0.7230769230769231,-1.0,0.8363636363636363,1.0,0.725,1.0,0.7222222222222222,0.8461538461538461,136,0,1,1,0,0,1,0,0
797,797,1,0.8869565217391304,1.0,0.4473684210526316,1.0,0.2380952380952381,1.0,0.0,,130,0,1,0,1,0,1,0,0
513,513,1,0.9579831932773109,-1.0,0.8648648648648649,1.0,0.8333333333333334,1.0,0.5882352941176471,1.0,132,1,0,0,1,0,0,0,1
454,454,1,0.9385964912280702,1.0,0.8857142857142857,1.0,0.7222222222222222,1.0,0.5882352941176471,1.0,133,0,1,0,1,0,0,0,1
376,376,0,0.8428571428571429,-0.9661016949152542,0.9285714285714286,1.0,0.9444444444444444,1.0,0.9130434782608696,1.0,134,0,1,0,1,0,1,0,0
122,122,0,0.8571428571428571,1.0,0.8780487804878049,-1.0,0.8888888888888888,-1.0,0.8260869565217391,1.0,135,2,0,0,1,0,1,0,0
106,106,0,0.8285714285714286,1.0,0.8048780487804879,1.0,0.8888888888888888,1.0,0.75,1.0,135,0,1,0,1,0,1,0,0
287,287,0,0.9367088607594936,-1.0,0.9761904761904762,1.0,0.9444444444444444,1.0,0.9130434782608696,1.0,134,0,1,0,1,0,1,0,0
734,734,1,0.8818181818181818,0.9793814432989691,0.631578947368421,1.0,0.3636363636363637,1.0,0.3,1.0,131,0,1,0,1,0,1,0,0
399,399,0,0.8714285714285714,1.0,0.9761904761904762,1.0,0.9722222222222222,1.0,0.9130434782608696,1.0,134,0,1,0,1,0,1,0,0
506,506,1,0.9663865546218487,1.0,0.7837837837837838,-0.10344827586206896,0.3888888888888889,-0.8571428571428571,0.5882352941176471,0.0,132,0,1,0,1,0,1,0,0
157,157,0,0.7285714285714285,0.8235294117647058,0.8780487804878049,1.0,0.8611111111111112,0.967741935483871,0.6521739130434783,-0.8,135,0,1,0,1,0,1,0,0
815,815,1,0.8869565217391304,0.9607843137254902,0.5789473684210527,0.9545454545454546,0.2857142857142857,1.0,0.2727272727272727,1.0,130,0,1,0,1,0,0,0,1
352,352,0,0.6,-1.0,0.8809523809523809,1.0,0.9444444444444444,0.9705882352941176,0.7391304347826086,1.0,134,0,1,0,1,0,1,0,0
789,789,1,0.982608695652174,1.0,0.8421052631578947,-1.0,0.6666666666666666,-1.0,0.9090909090909092,-1.0,130,0,1,0,1,0,1,0,0
953,953,0,0.8153846153846154,0.981132075471698,0.7636363636363637,0.9285714285714286,0.8205128205128205,0.96875,0.4117647058823529,1.0,137,0,1,0,1,0,1,0,0
343,343,0,0.7857142857142857,1.0,0.8809523809523809,1.0,0.9166666666666666,1.0,0.9130434782608696,1.0,134,0,1,0,1,0,1,0,0
578,578,1,0.9035087719298246,0.912621359223301,0.9166666666666666,0.5454545454545454,0.7222222222222222,-0.6923076923076923,0.4705882352941176,0.5,132,0,1,0,1,0,1,0,0
218,218,0,0.9384615384615383,-1.0,0.9818181818181818,1.0,1.0,1.0,0.9473684210526316,-0.2777777777777778,135,0,1,1,0,0,1,0,0
440,440,0,0.9857142857142858,-0.9710144927536232,0.8809523809523809,1.0,0.9166666666666666,1.0,1.0,-1.0,134,0,0,1,0,0,1,0,0
24,24,0,0.9076923076923076,1.0,0.9636363636363636,-1.0,0.95,-1.0,0.9473684210526316,1.0,136,1,0,0,1,0,1,0,0
579,579,1,0.9210526315789472,0.8857142857142857,0.9166666666666666,-0.42424242424242425,0.7222222222222222,-0.8461538461538461,0.4705882352941176,0.625,132,0,1,0,1,0,1,0,0
151,151,0,0.9142857142857144,1.0,0.975609756097561,-1.0,1.0,-1.0,0.8695652173913043,1.0,135,2,0,0,1,0,1,0,0
858,858,1,0.7674418604651163,1.0,0.7441860465116279,1.0,0.25,1.0,0.8421052631578947,0.9375,129,0,1,0,1,0,0,0,1
350,350,0,0.8,-1.0,0.9047619047619048,1.0,0.9444444444444444,1.0,0.9130434782608696,0.9047619047619048,134,0,1,0,1,0,1,0,0
171,171,0,0.08571428571428573,1.0,0.975609756097561,1.0,0.9722222222222222,1.0,0.9130434782608696,1.0,135,1,1,0,1,0,1,0,0
560,560,1,0.9035087719298246,1.0,0.75,1.0,0.5,1.0,0.6470588235294118,1.0,132,0,1,0,1,0,1,0,0
326,326,0,0.7571428571428571,1.0,0.8809523809523809,1.0,0.8888888888888888,1.0,0.8260869565217391,1.0,134,0,1,0,1,0,0,0,1
235,235,0,0.6615384615384615,-1.0,0.8909090909090909,0.8775510204081632,0.925,0.8918918918918919,0.8421052631578947,0.125,135,0,1,1,0,0,1,0,0
257,257,0,0.9876543209876544,1.0,0.975609756097561,-1.0,1.0,-1.0,0.8695652173913043,-1.0,134,0,0,0,1,0,1,0,0
230,230,0,0.8923076923076924,-1.0,0.9454545454545454,0.9615384615384616,1.0,1.0,0.8947368421052632,0.2352941176470588,135,0,1,1,0,0,1,0,0
582,582,1,0.8947368421052632,1.0,0.6666666666666666,1.0,0.7222222222222222,-0.2307692307692308,0.29411764705882354,1.0,132,0,1,0,1,0,1,0,0
690,690,1,0.7304347826086957,1.0,0.34210526315789475,1.0,0.4,1.0,0.4545454545454545,1.0,131,0,1,0,1,0,0,0,1
772,772,1,0.7478260869565218,1.0,0.6052631578947368,0.8260869565217391,0.047619047619047616,1.0,0.4545454545454545,-1.0,130,0,1,0,1,0,0,0,1
129,129,0,0.6428571428571429,1.0,0.8780487804878049,-0.8888888888888888,0.8888888888888888,-1.0,0.6086956521739131,1.0,135,2,0,0,1,0,1,0,0
199,199,0,0.5571428571428572,1.0,0.8292682926829268,1.0,0.7222222222222222,1.0,0.6956521739130435,1.0,135,0,1,0,1,0,1,0,0
289,289,0,0.8734177215189873,-0.9130434782608696,0.9523809523809524,1.0,0.9166666666666666,1.0,0.9130434782608696,1.0,134,0,1,0,1,0,1,0,0
994,994,0,0.9833333333333332,1.0,0.7647058823529411,-1.0,0.8085106382978723,-1.0,0.8,-1.0,137,0,1,1,0,0,1,0,0
125,125,0,0.4428571428571429,1.0,0.8780487804878049,-1.0,0.8611111111111112,-1.0,0.4782608695652174,1.0,135,2,0,0,1,0,1,0,0
929,929,0,0.7692307692307693,-1.0,0.9636363636363636,1.0,0.9230769230769232,1.0,0.6666666666666666,0.5,137,0,1,0,1,0,1,0,0
481,481,1,0.8508771929824561,1.0,0.7142857142857143,1.0,0.7777777777777778,1.0,0.6666666666666666,1.0,133,0,1,0,1,0,0,0,1
802,802,1,0.9304347826086956,1.0,0.7631578947368421,-0.8965517241379308,0.42857142857142855,-1.0,0.5454545454545454,-1.0,130,0,1,0,1,0,1,0,0
855,855,1,0.8372093023255814,-1.0,0.8837209302325582,0.8684210526315791,0.7857142857142857,0.8181818181818182,0.9473684210526316,-1.0,129,0,0,0,1,0,0,0,1
209,209,0,0.7,0.9591836734693876,0.8780487804878049,1.0,0.8888888888888888,1.0,0.8260869565217391,1.0,135,0,1,0,1,0,1,0,0
477,477,1,0.8596491228070176,1.0,0.6857142857142857,1.0,0.7777777777777778,0.07142857142857142,0.6666666666666666,1.0,133,0,1,0,1,0,0,0,1
643,643,1,0.9913793103448276,0.9130434782608696,0.0,,0.0,,0.0,,131,0,1,0,1,0,1,0,0
474,474,1,0.912280701754386,-1.0,0.8857142857142857,1.0,0.5555555555555556,1.0,0.4666666666666667,0.42857142857142855,133,1,0,0,1,0,0,0,1
44,44,0,0.9692307692307692,1.0,0.9454545454545454,-1.0,0.975,-1.0,0.9473684210526316,1.0,136,0,1,0,1,0,1,0,0
33,33,0,0.676923076923077,1.0,0.9636363636363636,-1.0,0.9,-1.0,0.7894736842105263,1.0,136,1,0,0,1,0,1,0,0
554,554,1,0.9473684210526316,1.0,0.8611111111111112,1.0,0.7222222222222222,1.0,0.8235294117647058,1.0,132,0,1,0,1,0,1,0,0
146,146,0,0.9285714285714286,-1.0,0.9268292682926829,1.0,0.8888888888888888,1.0,0.7391304347826086,0.8823529411764706,135,0,1,0,1,0,1,0,0
87,87,0,0.5692307692307692,1.0,0.8363636363636363,1.0,0.8,1.0,0.5,0.3333333333333333,136,0,1,1,0,0,1,0,0
290,290,0,0.9493670886075948,-0.8933333333333333,0.9523809523809524,1.0,0.9444444444444444,1.0,0.9130434782608696,1.0,134,0,1,0,1,0,1,0,0
986,986,0,0.9833333333333332,1.0,0.8627450980392157,-1.0,0.8936170212765957,-1.0,0.9333333333333332,-1.0,137,0,1,1,0,0,1,0,0
34,34,0,0.9230769230769232,1.0,0.9454545454545454,-1.0,0.95,-1.0,0.7894736842105263,1.0,136,1,0,0,1,0,1,0,0
725,725,1,0.9545454545454546,1.0,0.9473684210526316,-0.9444444444444444,0.8181818181818182,-1.0,0.7,-1.0,131,0,1,0,1,0,1,0,0
438,438,0,0.9428571428571428,1.0,0.8333333333333334,1.0,0.9444444444444444,1.0,0.9130434782608696,1.0,134,0,1,1,0,0,1,0,0
346,346,0,0.8285714285714286,-1.0,0.9047619047619048,1.0,0.9444444444444444,1.0,0.9130434782608696,1.0,134,0,1,0,1,0,1,0,0
950,950,0,0.8,0.8269230769230769,0.7454545454545455,-0.6341463414634146,0.8205128205128205,0.25,0.4117647058823529,0.7142857142857143,137,2,0,0,1,0,1,0,0
508,508,1,0.9579831932773109,1.0,0.8648648648648649,1.0,0.8888888888888888,1.0,0.7058823529411765,1.0,132,0,1,0,1,0,1,0,0
75,75,0,0.015384615384615384,1.0,0.9818181818181818,1.0,1.0,1.0,1.0,1.0,136,0,1,0,1,0,1,0,0
996,996,0,0.9159663865546218,1.0,0.6666666666666666,0.5294117647058824,0.8936170212765957,-0.5476190476190477,0.9333333333333332,-1.0,137,0,1,1,0,0,1,0,0
987,987,0,0.9833333333333332,1.0,0.8627450980392157,-1.0,0.8936170212765957,-1.0,0.9333333333333332,-1.0,137,0,1,1,0,0,1,0,0
569,569,1,0.8947368421052632,1.0,0.7222222222222222,1.0,0.5,1.0,0.2352941176470588,1.0,132,0,1,0,1,0,1,0,0
977,977,0,0.9833333333333332,1.0,0.8627450980392157,-1.0,0.8936170212765957,-1.0,0.8666666666666667,-1.0,137,0,1,1,0,0,1,0,0
575,575,1,0.8859649122807017,1.0,0.6388888888888888,1.0,0.5,1.0,0.2352941176470588,1.0,132,0,1,0,1,0,1,0,0
445,445,0,0.6857142857142857,1.0,0.9047619047619048,-1.0,0.8888888888888888,-1.0,0.7391304347826086,0.1176470588235294,134,2,0,1,0,0,1,0,0
938,938,0,0.4615384615384616,1.0,0.7090909090909091,1.0,0.8461538461538461,1.0,0.6666666666666666,1.0,137,0,1,0,1,0,1,0,0
63,63,0,0.7230769230769231,0.5744680851063829,0.8909090909090909,1.0,0.9,0.9444444444444444,0.8333333333333334,1.0,136,0,1,0,1,0,1,0,0
387,387,0,0.6428571428571429,-0.9777777777777776,0.8809523809523809,1.0,0.9444444444444444,1.0,0.8695652173913043,1.0,134,0,1,0,1,0,1,0,0
43,43,0,0.9076923076923076,-1.0,0.9818181818181818,1.0,0.95,1.0,0.8947368421052632,1.0,136,0,1,0,1,0,1,0,0
170,170,0,0.6571428571428571,1.0,0.8292682926829268,1.0,0.8888888888888888,1.0,0.4782608695652174,1.0,135,0,1,0,1,0,1,0,0
72,72,0,0.7538461538461538,0.979591836734694,0.8363636363636363,1.0,0.875,1.0,0.7222222222222222,1.0,136,0,1,0,1,0,1,0,0
818,818,1,0.9217391304347826,1.0,0.6842105263157895,1.0,0.3333333333333333,1.0,0.3636363636363637,1.0,130,0,1,0,1,0,0,0,1
752,752,1,0.991304347826087,0.9649122807017544,0.7894736842105263,-0.8666666666666667,0.8571428571428571,-1.0,0.8181818181818182,-0.7777777777777778,130,0,1,0,1,0,0,0,1
780,780,1,0.9304347826086956,0.97196261682243,0.0,,0.0,,0.0,,130,0,1,0,1,0,0,0,1
700,700,1,0.912280701754386,1.0,0.7631578947368421,1.0,0.55,1.0,0.8181818181818182,1.0,131,0,1,0,1,0,0,0,1
795,795,1,0.8782608695652174,1.0,0.631578947368421,1.0,0.2857142857142857,1.0,0.09090909090909093,1.0,130,0,1,0,1,0,1,0,0
117,117,0,0.7714285714285715,1.0,0.8536585365853658,1.0,0.8611111111111112,1.0,0.7916666666666666,1.0,135,0,1,0,1,0,1,0,0
47,47,0,0.8461538461538461,1.0,0.8363636363636363,-1.0,0.95,-1.0,0.8333333333333334,0.8,136,2,0,0,1,0,1,0,0
872,872,1,0.6744186046511628,0.9827586206896552,0.5348837209302325,0.9565217391304348,0.5714285714285714,0.9375,0.21052631578947367,0.0,129,0,1,0,1,0,1,0,0
559,559,1,0.9473684210526316,1.0,0.8611111111111112,1.0,0.7777777777777778,1.0,0.8235294117647058,1.0,132,0,1,0,1,0,1,0,0
301,301,0,0.0,,0.9285714285714286,0.9487179487179488,0.8611111111111112,1.0,0.9130434782608696,0.9523809523809524,134,0,1,0,1,0,1,0,0
369,369,0,0.7285714285714285,1.0,0.8333333333333334,1.0,0.9444444444444444,1.0,0.8695652173913043,1.0,134,0,1,0,1,0,1,0,0
293,293,0,0.9493670886075948,-1.0,0.9761904761904762,1.0,0.9444444444444444,1.0,0.8695652173913043,0.9,134,0,1,0,1,0,1,0,0
177,177,0,0.4857142857142857,1.0,0.8780487804878049,1.0,0.9444444444444444,1.0,0.8260869565217391,1.0,135,0,1,0,1,0,1,0,0
328,328,0,0.7142857142857143,0.96,0.8809523809523809,1.0,0.75,1.0,0.6521739130434783,1.0,134,0,1,0,1,0,0,0,1
808,808,1,0.9652173913043478,1.0,0.6578947368421053,1.0,0.7619047619047619,1.0,0.9090909090909092,1.0,130,0,1,0,1,0,1,0,0
896,896,1,0.9385964912280702,1.0,0.8157894736842105,1.0,0.7142857142857143,1.0,0.8181818181818182,1.0,129,0,1,1,0,0,1,0,0
933,933,0,0.7692307692307693,-1.0,0.9636363636363636,1.0,0.9487179487179488,1.0,0.6111111111111112,0.4545454545454545,137,0,1,0,1,0,1,0,0
635,635,1,0.7913043478260869,1.0,0.6052631578947368,1.0,0.65,1.0,0.6363636363636364,1.0,131,0,1,0,1,0,0,0,1
148,148,0,0.9571428571428572,-0.9701492537313432,0.9268292682926829,1.0,0.8611111111111112,0.967741935483871,0.7826086956521741,1.0,135,0,1,0,1,0,1,0,0
431,431,0,0.8695652173913043,-0.6,0.9285714285714286,1.0,0.8611111111111112,1.0,0.6086956521739131,0.35714285714285715,134,0,1,0,1,0,1,0,0
600,600,1,0.9561403508771931,1.0,0.75,1.0,0.8333333333333334,1.0,0.5294117647058824,1.0,132,0,1,0,0,1,1,0,0
823,823,1,0.9130434782608696,1.0,0.5526315789473685,1.0,0.2857142857142857,1.0,0.3636363636363637,-1.0,130,0,1,0,1,0,0,0,1
278,278,0,0.9493670886075948,-0.8133333333333334,0.9761904761904762,1.0,0.9444444444444444,1.0,0.9130434782608696,1.0,134,0,1,0,1,0,1,0,0
841,841,1,0.9217391304347826,1.0,0.7631578947368421,1.0,0.7142857142857143,1.0,0.5454545454545454,1.0,130,0,1,1,0,0,1,0,0
258,258,0,0.9629629629629628,0.8974358974358975,0.975609756097561,1.0,1.0,1.0,0.9130434782608696,1.0,134,0,1,0,1,0,1,0,0
548,548,1,0.9473684210526316,1.0,0.8611111111111112,0.0,0.7777777777777778,1.0,0.8235294117647058,1.0,132,0,1,0,1,0,1,0,0
975,975,0,0.9666666666666668,1.0,0.8823529411764706,-1.0,0.8723404255319149,-1.0,0.8,-1.0,137,0,1,1,0,0,1,0,0
11,11,0,0.4923076923076923,1.0,0.9272727272727272,-1.0,0.9,-1.0,0.4736842105263158,1.0,136,1,0,0,1,0,1,0,0
801,801,1,0.9652173913043478,1.0,0.0,,0.0,,0.0,,130,0,1,0,1,0,1,0,0
561,561,1,0.9736842105263158,1.0,0.9444444444444444,-1.0,0.8888888888888888,-1.0,1.0,-1.0,132,0,1,0,1,0,1,0,0
459,459,1,0.9561403508771931,1.0,0.6857142857142857,1.0,0.6666666666666666,1.0,0.42857142857142855,1.0,133,0,1,0,1,0,1,0,0
323,323,0,0.37142857142857133,1.0,0.9285714285714286,1.0,0.7222222222222222,1.0,0.6956521739130435,1.0,134,0,1,0,1,0,1,0,0
522,522,1,0.8487394957983193,1.0,0.5945945945945946,1.0,0.7222222222222222,1.0,0.5294117647058824,1.0,132,0,1,0,1,0,0,0,1
615,615,1,0.9649122807017544,1.0,0.8888888888888888,-1.0,0.8888888888888888,-1.0,0.7058823529411765,-1.0,132,0,1,0,0,1,1,0,0
224,224,0,0.9692307692307692,1.0,0.9818181818181818,-1.0,1.0,-1.0,0.9473684210526316,0.2222222222222222,135,0,0,1,0,0,1,0,0
368,368,0,0.8,-1.0,0.9047619047619048,1.0,0.8888888888888888,1.0,0.9130434782608696,1.0,134,0,1,0,1,0,1,0,0
246,246,0,0.7538461538461538,-0.8571428571428571,0.9636363636363636,1.0,0.975,1.0,0.8421052631578947,0.9375,135,0,1,1,0,0,1,0,0
850,850,1,0.6046511627906976,1.0,0.6744186046511628,1.0,0.42857142857142855,1.0,0.6842105263157895,1.0,129,0,1,0,1,0,0,0,1
359,359,0,0.7142857142857143,-1.0,0.8333333333333334,1.0,0.9444444444444444,0.9705882352941176,0.8260869565217391,1.0,134,0,1,0,1,0,1,0,0
140,140,0,0.9,-1.0,0.9268292682926829,1.0,0.8888888888888888,1.0,0.5652173913043478,1.0,135,0,1,0,1,0,1,0,0
308,308,0,0.9493670886075948,-0.84,0.9761904761904762,1.0,0.9444444444444444,1.0,0.9130434782608696,1.0,134,0,1,0,1,0,1,0,0
520,520,1,0.7394957983193278,0.9090909090909092,0.7027027027027027,1.0,0.6111111111111112,1.0,0.4117647058823529,0.14285714285714285,132,0,1,0,1,0,0,0,1
113,113,0,0.8,1.0,0.902439024390244,1.0,0.8888888888888888,1.0,0.8333333333333334,1.0,135,0,1,0,1,0,1,0,0
719,719,1,0.9545454545454546,1.0,0.6578947368421053,-0.04,0.8181818181818182,-1.0,0.9,0.0,131,0,1,0,1,0,1,0,0
360,360,0,0.5428571428571428,-0.9736842105263158,0.8571428571428571,1.0,0.8888888888888888,1.0,0.7826086956521741,1.0,134,0,1,0,1,0,1,0,0
914,914,0,0.5538461538461539,1.0,0.8363636363636363,1.0,0.725,1.0,0.2777777777777778,1.0,137,0,1,0,1,0,0,0,1
427,427,0,0.8985507246376812,1.0,0.9047619047619048,1.0,0.8611111111111112,1.0,0.7391304347826086,1.0,134,0,1,0,1,0,1,0,0
275,275,0,0.8354430379746836,1.0,0.9761904761904762,1.0,0.8888888888888888,1.0,0.6956521739130435,1.0,134,0,1,0,1,0,1,0,0
876,876,1,0.7590361445783133,1.0,0.8292682926829268,1.0,0.7916666666666666,1.0,0.8181818181818182,1.0,129,0,1,0,1,0,1,0,0
991,991,0,0.9833333333333332,1.0,0.8235294117647058,-1.0,0.8297872340425532,-1.0,0.9333333333333332,-1.0,137,0,1,1,0,0,1,0,0
217,217,0,0.6142857142857143,1.0,0.8292682926829268,1.0,0.75,1.0,0.7391304347826086,1.0,135,0,1,0,1,0,1,0,0
913,913,0,0.4,1.0,0.8181818181818182,1.0,0.725,1.0,0.2777777777777778,1.0,137,0,1,0,1,0,0,0,1
261,261,0,0.02531645569620253,-0.5,0.9761904761904762,1.0,0.9722222222222222,1.0,0.8695652173913043,1.0,134,0,1,0,1,0,1,0,0
426,426,0,0.5217391304347826,-0.9722222222222222,0.9047619047619048,1.0,0.9166666666666666,1.0,0.7826086956521741,1.0,134,0,1,0,1,0,1,0,0
510,510,1,0.9579831932773109,1.0,0.8648648648648649,1.0,0.8333333333333334,0.8666666666666667,0.8823529411764706,1.0,132,0,1,0,1,0,1,0,0
922,922,0,0.5538461538461539,1.0,0.7818181818181819,1.0,0.65,1.0,0.2777777777777778,1.0,137,0,1,0,1,0,0,0,1
540,540,1,0.9736842105263158,1.0,0.9189189189189191,-1.0,0.8888888888888888,-1.0,0.8823529411764706,-1.0,132,0,1,0,1,0,1,0,0
916,916,0,0.5538461538461539,0.9722222222222222,0.8363636363636363,1.0,0.725,1.0,0.2777777777777778,1.0,137,0,1,0,1,0,0,0,1
925,925,0,0.7692307692307693,-1.0,0.9636363636363636,1.0,0.9230769230769232,1.0,0.6666666666666666,0.5,137,0,1,0,1,0,1,0,0
633,633,1,0.9736842105263158,1.0,0.8285714285714286,-1.0,0.5555555555555556,-1.0,0.0,,132,0,1,1,0,0,1,0,0
436,436,0,0.6231884057971014,1.0,0.8809523809523809,1.0,0.7222222222222222,1.0,0.6956521739130435,1.0,134,0,1,0,1,0,1,0,0
77,77,0,0.0,,0.9636363636363636,1.0,0.975,1.0,0.8333333333333334,0.5333333333333333,136,0,1,0,1,0,1,0,0
879,879,1,0.6626506024096386,0.9090909090909092,0.7804878048780488,0.84375,0.7916666666666666,1.0,0.7272727272727273,0.5,129,0,1,0,1,0,1,0,0
786,786,1,0.9565217391304348,1.0,0.7105263157894737,1.0,0.42857142857142855,1.0,0.8181818181818182,1.0,130,1,1,0,1,0,1,0,0
116,116,0,0.7571428571428571,1.0,0.8292682926829268,1.0,0.8333333333333334,1.0,0.7916666666666666,1.0,135,0,1,0,1,0,1,0,0
183,183,0,0.6285714285714286,1.0,0.7073170731707317,1.0,0.7777777777777778,1.0,0.7391304347826086,1.0,135,0,1,0,1,0,1,0,0
334,334,0,0.8428571428571429,-0.8644067796610171,0.9523809523809524,1.0,0.8055555555555556,1.0,0.8260869565217391,1.0,134,0,1,0,1,0,0,0,1
781,781,1,0.9304347826086956,0.9813084112149532,0.0,,0.0,,0.0,,130,0,1,0,1,0,0,0,1
951,951,0,0.6307692307692307,-0.3170731707317073,0.7272727272727273,-0.675,0.6666666666666666,-0.7692307692307693,0.2352941176470588,-1.0,137,2,0,0,1,0,1,0,0
957,957,0,0.8153846153846154,1.0,0.5818181818181818,0.96875,0.7948717948717948,1.0,0.4117647058823529,1.0,137,0,1,0,1,0,1,0,0
463,463,1,0.9473684210526316,1.0,0.7142857142857143,-1.0,0.8888888888888888,-1.0,0.5714285714285714,-1.0,133,0,1,0,1,0,1,0,0
382,382,0,0.8428571428571429,-1.0,0.9285714285714286,1.0,0.9722222222222222,1.0,0.8695652173913043,1.0,134,0,1,0,1,0,1,0,0
866,866,1,0.6627906976744186,0.9649122807017544,0.5348837209302325,1.0,0.5714285714285714,1.0,0.2631578947368421,1.0,129,0,1,0,1,0,1,0,0
57,57,0,0.8153846153846154,1.0,0.8181818181818182,-1.0,0.9,-1.0,0.8333333333333334,0.4666666666666667,136,2,0,0,1,0,1,0,0
539,539,1,0.9736842105263158,1.0,0.9189189189189191,-0.9411764705882352,0.8888888888888888,-1.0,0.8823529411764706,-1.0,132,0,1,0,1,0,1,0,0
920,920,0,0.5692307692307692,1.0,0.8363636363636363,1.0,0.7,1.0,0.2777777777777778,1.0,137,0,1,0,1,0,0,0,1
361,361,0,0.8571428571428571,-1.0,0.9285714285714286,1.0,0.9722222222222222,1.0,0.9130434782608696,1.0,134,0,1,0,1,0,1,0,0
381,381,0,0.7,0.9387755102040816,0.8571428571428571,1.0,0.9444444444444444,1.0,0.8695652173913043,1.0,134,0,1,0,1,0,1,0,0
208,208,0,0.7,0.979591836734694,0.8292682926829268,1.0,0.8333333333333334,1.0,0.8260869565217391,1.0,135,0,1,0,1,0,1,0,0
677,677,1,0.9913793103448276,0.9130434782608696,0.0,,0.0,,0.0,,131,0,1,0,1,0,1,0,0
312,312,0,0.6578947368421053,-0.98,0.9285714285714286,1.0,0.8611111111111112,1.0,0.6521739130434783,1.0,134,0,1,0,1,0,1,0,0
566,566,1,0.9035087719298246,1.0,0.8055555555555556,1.0,0.5,1.0,0.29411764705882354,1.0,132,0,1,0,1,0,1,0,0
152,152,0,0.8857142857142857,1.0,0.975609756097561,-1.0,1.0,-1.0,0.8695652173913043,1.0,135,2,0,0,1,0,1,0,0
511,511,1,0.9411764705882352,1.0,0.8378378378378378,0.967741935483871,0.8333333333333334,1.0,0.8823529411764706,0.8666666666666667,132,0,1,0,1,0,1,0,0
342,342,0,0.8285714285714286,1.0,0.8333333333333334,1.0,0.9444444444444444,1.0,0.8695652173913043,1.0,134,0,1,0,1,0,1,0,0
751,751,1,0.991304347826087,1.0,0.7631578947368421,-1.0,0.8571428571428571,-1.0,0.9090909090909092,-0.9,130,0,1,0,1,0,0,0,1
960,960,0,0.8307692307692308,1.0,0.6727272727272727,0.972972972972973,0.8205128205128205,1.0,0.4117647058823529,1.0,137,0,1,0,1,0,1,0,0
480,480,1,0.8421052631578947,1.0,0.6857142857142857,1.0,0.7777777777777778,-1.0,0.6666666666666666,0.9,133,0,1,0,1,0,0,0,1
455,455,1,0.9298245614035088,1.0,0.8857142857142857,1.0,0.7222222222222222,1.0,0.4705882352941176,1.0,133,0,1,0,1,0,0,0,1
673,673,1,0.9913793103448276,0.9130434782608696,0.0,,0.0,,0.0,,131,0,1,0,1,0,1,0,0
512,512,1,0.9159663865546218,1.0,0.7567567567567568,1.0,0.7222222222222222,1.0,0.4705882352941176,0.125,132,0,1,0,1,0,0,0,1
98,98,0,0.7384615384615385,1.0,0.8727272727272727,1.0,0.75,1.0,0.7222222222222222,1.0,136,0,1,1,0,0,1,0,0
800,800,1,0.9652173913043478,1.0,0.0,,0.0,,0.0,,130,0,1,0,1,0,1,0,0
828,828,1,0.9217391304347826,1.0,0.7631578947368421,1.0,0.6666666666666666,1.0,0.6363636363636364,1.0,130,0,1,0,1,0,0,0,1
119,119,0,0.8142857142857143,1.0,0.902439024390244,1.0,0.8611111111111112,1.0,0.8333333333333334,1.0,135,0,1,0,1,0,1,0,0
749,749,1,0.991304347826087,1.0,0.7368421052631579,-1.0,0.8571428571428571,-1.0,0.9090909090909092,-0.9,130,0,1,0,1,0,0,0,1
493,493,1,0.9561403508771931,1.0,0.6571428571428571,-1.0,0.8333333333333334,-1.0,0.06666666666666668,1.0,133,0,1,0,1,0,1,0,0
625,625,1,0.9736842105263158,1.0,0.8888888888888888,-0.9375,0.8888888888888888,-1.0,0.7058823529411765,0.0,132,0,1,0,0,1,1,0,0
92,92,0,0.4923076923076923,-1.0,0.7818181818181819,1.0,0.725,1.0,0.5555555555555556,1.0,136,0,1,1,0,0,1,0,0
253,253,0,0.8307692307692308,-1.0,0.9272727272727272,1.0,1.0,1.0,0.8947368421052632,1.0,135,0,1,1,0,0,1,0,0
112,112,0,0.8142857142857143,1.0,0.902439024390244,1.0,0.8888888888888888,1.0,0.8333333333333334,1.0,135,0,1,0,1,0,1,0,0
185,185,0,0.7,1.0,0.8536585365853658,1.0,0.8611111111111112,1.0,0.8260869565217391,-0.05263157894736842,135,0,1,0,1,0,1,0,0
460,460,1,0.9561403508771931,1.0,0.7142857142857143,1.0,0.6666666666666666,1.0,0.42857142857142855,1.0,133,0,1,0,1,0,1,0,0
667,667,1,0.9913793103448276,0.9130434782608696,1.0,-1.0,1.0,-1.0,1.0,-1.0,131,0,1,0,1,0,1,0,0
574,574,1,0.912280701754386,0.8846153846153846,0.9166666666666666,0.24242424242424246,0.7777777777777778,1.0,0.5294117647058824,0.3333333333333333,132,0,1,0,1,0,1,0,0
465,465,1,0.9473684210526316,1.0,0.7142857142857143,-1.0,0.8888888888888888,-1.0,0.5714285714285714,-1.0,133,0,1,0,1,0,1,0,0
132,132,0,0.6,1.0,0.951219512195122,-1.0,0.8611111111111112,-1.0,0.6086956521739131,0.7857142857142857,135,2,0,0,1,0,1,0,0
741,741,1,0.9217391304347826,1.0,0.7368421052631579,1.0,0.6190476190476191,1.0,0.5454545454545454,1.0,130,0,1,0,1,0,0,0,1
409,409,0,0.5797101449275363,-0.95,0.8333333333333334,0.5142857142857142,0.6666666666666666,0.4583333333333333,0.6086956521739131,0.7142857142857143,134,0,1,0,1,0,1,0,0
107,107,0,0.7714285714285715,1.0,0.7804878048780488,1.0,0.8611111111111112,1.0,0.7083333333333334,1.0,135,0,1,0,1,0,1,0,0
420,420,0,0.5362318840579711,-0.972972972972973,0.9047619047619048,1.0,0.9166666666666666,1.0,0.7826086956521741,1.0,134,0,1,0,1,0,1,0,0
707,707,1,0.9823008849557522,0.927927927927928,0.8684210526315791,-0.9393939393939394,0.9090909090909092,-1.0,0.9,-1.0,131,0,1,0,1,0,1,0,0
16,16,0,0.8615384615384616,1.0,0.9272727272727272,-1.0,0.925,-1.0,0.8947368421052632,1.0,136,1,0,0,1,0,1,0,0
884,884,1,0.5421686746987951,1.0,0.6097560975609756,0.92,0.75,0.9444444444444444,0.6818181818181818,0.9333333333333332,129,0,1,0,1,0,1,0,0
428,428,0,0.4782608695652174,-0.8787878787878788,0.9047619047619048,1.0,0.8611111111111112,1.0,0.7826086956521741,1.0,134,0,1,0,1,0,1,0,0
221,221,0,0.9692307692307692,1.0,0.9818181818181818,-1.0,1.0,-1.0,1.0,0.15789473684210525,135,2,0,1,0,0,1,0,0
891,891,1,0.9736842105263158,1.0,0.9473684210526316,-1.0,0.8095238095238095,-1.0,0.9090909090909092,-1.0,129,0,1,1,0,0,1,0,0
299,299,0,0.9367088607594936,-0.9189189189189191,0.9761904761904762,1.0,0.9444444444444444,1.0,0.8260869565217391,1.0,134,0,1,0,1,0,1,0,0
476,476,1,0.8508771929824561,1.0,0.5142857142857142,1.0,0.6111111111111112,1.0,0.4,1.0,133,0,1,0,1,0,0,0,1
756,756,1,0.982608695652174,1.0,0.7631578947368421,-1.0,0.7619047619047619,-1.0,0.7272727272727273,-0.875,130,0,1,0,1,0,0,0,1
82,82,0,0.676923076923077,1.0,0.9090909090909092,1.0,0.85,1.0,0.8333333333333334,1.0,136,0,1,1,0,0,1,0,0
464,464,1,0.9473684210526316,1.0,0.7142857142857143,0.92,0.8888888888888888,1.0,0.5714285714285714,-0.75,133,0,1,0,1,0,1,0,0
516,516,1,0.8823529411764706,0.9714285714285714,0.6756756756756757,0.16,0.6666666666666666,0.9166666666666666,0.35294117647058826,0.0,132,0,1,0,1,0,0,0,1
414,414,0,0.6811594202898551,-0.7872340425531915,0.8809523809523809,1.0,0.8888888888888888,1.0,0.8695652173913043,1.0,134,0,1,0,1,0,1,0,0
817,817,1,0.8869565217391304,1.0,0.6842105263157895,-1.0,0.3809523809523809,1.0,0.4545454545454545,1.0,130,0,1,0,1,0,0,0,1
103,103,0,0.7230769230769231,1.0,0.5454545454545454,1.0,0.6,1.0,0.6666666666666666,1.0,136,0,1,1,0,0,1,0,0
439,439,0,0.9857142857142858,0.9710144927536232,0.8809523809523809,-1.0,0.9166666666666666,-1.0,1.0,1.0,134,0,1,1,0,0,1,0,0
812,812,1,0.8956521739130435,1.0,0.6052631578947368,1.0,0.6190476190476191,1.0,0.5454545454545454,0.8333333333333334,130,0,1,0,1,0,1,0,0
965,965,0,0.7538461538461538,1.0,0.6727272727272727,0.972972972972973,0.8205128205128205,1.0,0.4117647058823529,1.0,137,0,1,0,1,0,1,0,0
692,692,1,0.8608695652173913,1.0,0.6578947368421053,-1.0,0.5,-1.0,0.7272727272727273,-1.0,131,0,1,0,1,0,0,0,1
252,252,0,0.7692307692307693,1.0,0.9636363636363636,1.0,0.975,1.0,0.8421052631578947,1.0,135,0,1,1,0,0,1,0,0
794,794,1,0.9304347826086956,0.97196261682243,0.8157894736842105,-1.0,0.5714285714285714,-1.0,0.9090909090909092,1.0,130,0,1,0,1,0,1,0,0
163,163,0,0.7714285714285715,1.0,0.8780487804878049,-1.0,0.9166666666666666,-0.9696969696969696,0.6086956521739131,1.0,135,2,0,0,1,0,1,0,0
826,826,1,0.9130434782608696,0.9904761904761904,0.5789473684210527,1.0,0.2857142857142857,1.0,0.2727272727272727,0.6666666666666666,130,0,1,0,1,0,0,0,1
483,483,1,0.9210526315789472,1.0,0.6,1.0,0.6666666666666666,0.0,0.4,1.0,133,0,1,0,1,0,1,0,0
67,67,0,0.8153846153846154,1.0,0.8363636363636363,-1.0,0.9,-1.0,0.8333333333333334,1.0,136,2,0,0,1,0,1,0,0
869,869,1,0.6511627906976745,1.0,0.5348837209302325,-0.9130434782608696,0.5357142857142857,0.6,0.6842105263157895,-0.5384615384615384,129,0,1,0,1,0,1,0,0
215,215,0,0.8142857142857143,-1.0,0.9268292682926829,1.0,0.9444444444444444,1.0,0.6086956521739131,0.8571428571428571,135,0,1,0,1,0,1,0,0
542,542,1,0.9736842105263158,1.0,0.9189189189189191,-1.0,0.9444444444444444,-1.0,0.7058823529411765,-1.0,132,0,1,0,1,0,1,0,0
400,400,0,0.8857142857142857,-0.6129032258064516,0.9761904761904762,1.0,0.9722222222222222,1.0,0.9130434782608696,0.9523809523809524,134,0,1,0,1,0,1,0,0
537,537,1,0.9736842105263158,1.0,0.8918918918918919,-0.9393939393939394,0.8888888888888888,-1.0,0.8823529411764706,-1.0,132,0,1,0,1,0,1,0,0
386,386,0,0.8142857142857143,-1.0,0.8809523809523809,1.0,0.8888888888888888,1.0,0.9130434782608696,1.0,134,0,1,0,1,0,1,0,0
155,155,0,0.6142857142857143,1.0,0.8048780487804879,1.0,0.8333333333333334,1.0,0.43478260869565216,1.0,135,0,1,0,1,0,1,0,0
417,417,0,0.855072463768116,1.0,0.9523809523809524,0.95,1.0,1.0,0.7826086956521741,1.0,134,0,1,0,1,0,1,0,0
471,471,1,0.9298245614035088,1.0,0.9142857142857144,1.0,0.8888888888888888,1.0,0.8,1.0,133,0,1,0,1,0,1,0,0
708,708,1,0.9823008849557522,0.945945945945946,0.8684210526315791,-0.9393939393939394,0.9090909090909092,-1.0,0.9,-1.0,131,0,1,0,1,0,1,0,0
974,974,0,0.9833333333333332,1.0,0.8823529411764706,1.0,0.8936170212765957,1.0,0.8666666666666667,0.8461538461538461,137,0,1,1,0,0,1,0,0
915,915,0,0.5538461538461539,1.0,0.8363636363636363,1.0,0.725,1.0,0.2777777777777778,1.0,137,0,1,0,1,0,0,0,1
472,472,1,0.9035087719298246,1.0,0.8,-1.0,0.7777777777777778,-1.0,0.3333333333333333,1.0,133,0,1,0,1,0,1,0,0
127,127,0,0.7571428571428571,-1.0,0.951219512195122,1.0,0.8888888888888888,1.0,0.8260869565217391,1.0,135,0,1,0,1,0,1,0,0
998,998,0,0.9075630252100841,1.0,0.5686274509803921,-1.0,0.851063829787234,-1.0,0.8666666666666667,-1.0,137,1,0,1,0,0,1,0,0
452,452,1,0.9298245614035088,1.0,0.8571428571428571,1.0,0.5555555555555556,1.0,0.7058823529411765,1.0,133,0,1,0,1,0,0,0,1
285,285,0,0.9113924050632912,0.9722222222222222,0.9761904761904762,1.0,0.9444444444444444,1.0,0.8260869565217391,1.0,134,0,1,0,1,0,1,0,0
367,367,0,0.8428571428571429,-1.0,0.9285714285714286,1.0,0.9722222222222222,1.0,0.9130434782608696,1.0,134,0,1,0,1,0,1,0,0
4,4,0,0.8307692307692308,-1.0,0.9636363636363636,1.0,0.95,1.0,0.7368421052631579,1.0,136,0,1,0,1,0,0,0,1
770,770,1,0.7478260869565218,0.9883720930232558,0.6052631578947368,0.9565217391304348,0.047619047619047616,1.0,0.4545454545454545,-1.0,130,0,1,0,1,0,0,0,1
867,867,1,0.686046511627907,1.0,0.6744186046511628,1.0,0.7142857142857143,1.0,0.7894736842105263,0.9333333333333332,129,0,1,0,1,0,1,0,0
806,806,1,0.9652173913043478,-1.0,0.7368421052631579,1.0,0.8095238095238095,1.0,0.9090909090909092,1.0,130,0,0,0,1,0,1,0,0
609,609,1,0.9736842105263158,1.0,0.8888888888888888,-0.9375,0.8888888888888888,-1.0,0.6470588235294118,0.0,132,0,1,0,0,1,1,0,0
219,219,0,0.9384615384615383,-1.0,0.9818181818181818,1.0,1.0,1.0,0.9473684210526316,-0.3888888888888889,135,0,1,1,0,0,1,0,0
93,93,0,0.5384615384615384,-0.9428571428571428,0.8363636363636363,1.0,0.85,1.0,0.6111111111111112,1.0,136,0,1,1,0,0,1,0,0
660,660,1,0.9913793103448276,0.9130434782608696,0.0,,0.0,,0.0,,131,0,1,0,1,0,1,0,0
564,564,1,0.912280701754386,1.0,0.8055555555555556,1.0,0.4444444444444444,-1.0,0.4117647058823529,1.0,132,0,1,0,1,0,1,0,0
509,509,1,0.9411764705882352,1.0,0.7837837837837838,-1.0,0.8333333333333334,1.0,0.7647058823529411,-1.0,132,0,1,0,1,0,1,0,0
237,237,0,0.7538461538461538,1.0,0.9454545454545454,1.0,0.975,1.0,0.7894736842105263,1.0,135,0,1,1,0,0,1,0,0
854,854,1,0.6511627906976745,1.0,0.6511627906976745,1.0,0.3928571428571429,0.8181818181818182,0.5263157894736842,1.0,129,0,1,0,1,0,0,0,1
971,971,0,0.9833333333333332,0.9661016949152542,0.9019607843137256,-1.0,0.9148936170212766,-1.0,0.8666666666666667,-1.0,137,0,1,1,0,0,1,0,0
908,908,0,0.5846153846153846,0.8947368421052632,0.9090909090909092,1.0,0.675,1.0,0.6666666666666666,0.9166666666666666,137,0,1,0,1,0,0,0,1
632,632,1,0.9912280701754386,1.0,0.8857142857142857,1.0,1.0,1.0,0.7647058823529411,1.0,132,0,1,1,0,0,1,0,0
501,501,1,0.912280701754386,1.0,0.0,,0.0,,0.0,,133,0,1,0,1,0,1,0,0
251,251,0,0.8307692307692308,-0.9444444444444444,0.9818181818181818,1.0,1.0,1.0,0.8947368421052632,1.0,135,0,1,1,0,0,1,0,0
954,954,0,0.676923076923077,0.9772727272727272,0.5454545454545454,0.9333333333333332,0.7179487179487181,1.0,0.4117647058823529,1.0,137,0,1,0,1,0,1,0,0
825,825,1,0.9130434782608696,1.0,0.5789473684210527,0.9545454545454546,0.2857142857142857,1.0,0.2727272727272727,1.0,130,0,1,0,1,0,0,0,1
713,713,1,0.9823008849557522,0.945945945945946,0.9473684210526316,-0.9444444444444444,1.0,-1.0,0.9,-1.0,131,0,1,0,1,0,1,0,0
525,525,1,0.9298245614035088,1.0,0.6216216216216216,1.0,0.8333333333333334,1.0,0.6470588235294118,1.0,132,0,1,0,1,0,1,0,0
946,946,0,0.5846153846153846,0.9210526315789472,0.6,-0.3636363636363637,0.7435897435897436,0.6896551724137931,0.4117647058823529,1.0,137,0,1,0,1,0,1,0,0
71,71,0,0.8307692307692308,1.0,0.8363636363636363,-1.0,0.925,-1.0,0.8333333333333334,-0.3333333333333333,136,2,0,0,1,0,1,0,0
641,641,1,0.982608695652174,0.9823008849557522,0.8684210526315791,-0.9696969696969696,1.0,-1.0,1.0,-1.0,131,0,1,0,1,0,1,0,0
319,319,0,0.7142857142857143,-1.0,0.8809523809523809,1.0,0.6944444444444444,1.0,0.6521739130434783,0.4666666666666667,134,0,1,0,1,0,1,0,0
118,118,0,0.8142857142857143,1.0,0.902439024390244,1.0,0.8611111111111112,1.0,0.8333333333333334,1.0,135,0,1,0,1,0,1,0,0
723,723,1,0.9363636363636364,1.0,0.5526315789473685,1.0,0.09090909090909093,0.0,0.7,1.0,131,0,1,0,1,0,1,0,0
889,889,1,0.9736842105263158,1.0,0.9736842105263158,-1.0,0.8571428571428571,-1.0,1.0,-1.0,129,0,1,1,0,0,1,0,0
616,616,1,0.9736842105263158,1.0,0.8888888888888888,-0.9375,0.8888888888888888,-1.0,0.7058823529411765,0.0,132,0,1,0,0,1,1,0,0
48,48,0,0.5846153846153846,1.0,0.8,1.0,0.875,1.0,0.7222222222222222,1.0,136,0,1,0,1,0,1,0,0
302,302,0,0.9367088607594936,-0.8918918918918919,0.9761904761904762,1.0,0.9444444444444444,1.0,0.8695652173913043,1.0,134,0,1,0,1,0,1,0,0
572,572,1,0.8947368421052632,1.0,0.9166666666666666,0.7272727272727273,0.7222222222222222,1.0,0.4705882352941176,0.875,132,0,1,0,1,0,1,0,0
422,422,0,0.5362318840579711,-0.972972972972973,0.9047619047619048,1.0,0.9166666666666666,1.0,0.7391304347826086,1.0,134,0,1,0,1,0,1,0,0
608,608,1,0.9736842105263158,1.0,0.8888888888888888,-0.9375,0.8888888888888888,-1.0,0.7058823529411765,0.0,132,0,1,0,0,1,1,0,0
792,792,1,0.9652173913043478,1.0,0.3684210526315789,1.0,0.14285714285714285,1.0,0.18181818181818185,1.0,130,0,1,0,1,0,1,0,0
551,551,1,0.9385964912280702,1.0,0.8611111111111112,1.0,0.7222222222222222,1.0,0.8235294117647058,1.0,132,1,1,0,1,0,1,0,0
838,838,1,0.7739130434782608,0.9325842696629212,0.5,1.0,0.2857142857142857,1.0,0.4545454545454545,1.0,130,0,1,0,1,0,0,0,1
52,52,0,0.7692307692307693,1.0,0.8363636363636363,1.0,0.95,1.0,0.7777777777777778,1.0,136,0,1,0,1,0,1,0,0
23,23,0,0.6923076923076923,1.0,0.9454545454545454,-0.9807692307692308,0.95,-1.0,0.7368421052631579,1.0,136,1,0,0,1,0,1,0,0
897,897,1,0.9298245614035088,1.0,0.6842105263157895,0.9230769230769232,0.0,,0.0,,129,0,1,1,0,0,1,0,0
654,654,1,0.9913793103448276,0.9130434782608696,0.0,,0.0,,0.0,,131,0,1,0,1,0,1,0,0
634,634,1,0.8869565217391304,1.0,0.7631578947368421,1.0,0.65,1.0,0.5454545454545454,1.0,131,0,1,0,1,0,0,0,1
375,375,0,0.6428571428571429,-0.9555555555555556,0.8333333333333334,1.0,0.9444444444444444,1.0,0.8260869565217391,1.0,134,0,1,0,1,0,1,0,0
947,947,0,0.7846153846153846,0.9607843137254902,0.8363636363636363,0.7391304347826086,0.8717948717948718,0.9705882352941176,0.4705882352941176,1.0,137,0,1,0,1,0,1,0,0
238,238,0,0.7230769230769231,-1.0,0.9454545454545454,1.0,1.0,1.0,0.8947368421052632,0.7647058823529411,135,0,1,1,0,0,1,0,0
753,753,1,0.991304347826087,0.9912280701754386,0.7894736842105263,-0.8666666666666667,0.7619047619047619,-0.9375,0.9090909090909092,-0.8,130,0,1,0,1,0,0,0,1
731,731,1,0.9545454545454546,1.0,0.9473684210526316,-0.9444444444444444,0.8181818181818182,-1.0,0.7,-1.0,131,0,1,0,1,0,1,0,0
74,74,0,0.015384615384615384,-1.0,0.9818181818181818,1.0,1.0,1.0,1.0,0.3333333333333333,136,0,1,0,1,0,1,0,0
184,184,0,0.7714285714285715,-1.0,0.9268292682926829,1.0,1.0,1.0,0.6086956521739131,1.0,135,0,1,0,1,0,1,0,0
796,796,1,0.8521739130434782,1.0,0.4736842105263158,0.9444444444444444,0.2857142857142857,1.0,0.0,,130,0,1,0,1,0,1,0,0
503,503,1,0.9035087719298246,1.0,0.0,,0.0,,0.0,,133,0,1,0,1,0,1,0,0
214,214,0,0.7,1.0,0.7804878048780488,0.0625,0.7777777777777778,0.42857142857142855,0.7391304347826086,1.0,135,2,1,0,1,0,1,0,0
584,584,1,0.8947368421052632,1.0,0.6388888888888888,1.0,0.7777777777777778,1.0,0.5882352941176471,1.0,132,0,1,0,1,0,0,0,1
760,760,1,0.991304347826087,1.0,0.9210526315789472,0.9428571428571428,0.9523809523809524,-0.7,0.8181818181818182,-1.0,130,0,1,0,1,0,1,0,0
160,160,0,0.6285714285714286,1.0,0.7804878048780488,0.9375,0.8333333333333334,1.0,0.43478260869565216,1.0,135,0,1,0,1,0,1,0,0
295,295,0,0.8860759493670886,-1.0,0.9523809523809524,1.0,0.8888888888888888,1.0,0.8260869565217391,1.0,134,0,1,0,1,0,1,0,0
764,764,1,0.7217391304347827,1.0,0.5789473684210527,1.0,0.6666666666666666,1.0,0.2727272727272727,1.0,130,0,1,0,1,0,0,0,1
931,931,0,0.7846153846153846,-1.0,0.9636363636363636,1.0,0.9230769230769232,1.0,0.6111111111111112,0.4545454545454545,137,0,1,0,1,0,1,0,0
941,941,0,0.9384615384615383,1.0,0.8181818181818182,1.0,0.8717948717948718,1.0,0.8235294117647058,1.0,137,0,1,0,1,0,1,0,0
893,893,1,0.9736842105263158,1.0,0.9473684210526316,-1.0,0.9047619047619048,-1.0,1.0,-1.0,129,0,1,1,0,0,1,0,0
631,631,1,0.9912280701754386,1.0,0.8857142857142857,1.0,1.0,1.0,0.7647058823529411,1.0,132,0,1,1,0,0,1,0,0
968,968,0,0.9583333333333334,1.0,0.8235294117647058,1.0,0.9148936170212766,1.0,0.8666666666666667,1.0,137,0,1,1,0,0,1,0,0
135,135,0,0.24285714285714285,0.9411764705882352,0.951219512195122,-0.9487179487179488,0.8055555555555556,-1.0,0.7391304347826086,0.9411764705882352,135,2,0,0,1,0,1,0,0
907,907,0,0.6307692307692307,0.8536585365853658,0.9090909090909092,0.64,0.7,0.8928571428571429,0.6666666666666666,1.0,137,0,1,0,1,0,0,0,1
619,619,1,0.9649122807017544,1.0,0.8611111111111112,1.0,0.7777777777777778,1.0,0.7058823529411765,1.0,132,0,1,0,0,1,1,0,0
384,384,0,0.6571428571428571,-1.0,0.8809523809523809,1.0,0.9444444444444444,1.0,0.8695652173913043,1.0,134,0,1,0,1,0,1,0,0
706,706,1,0.9823008849557522,0.945945945945946,0.8684210526315791,-0.9393939393939394,0.9090909090909092,-1.0,0.9,-1.0,131,0,1,0,1,0,1,0,0
461,461,1,0.9385964912280702,1.0,0.6571428571428571,-1.0,0.7222222222222222,-1.0,0.42857142857142855,-1.0,133,0,1,0,1,0,1,0,0
370,370,0,0.8428571428571429,-1.0,0.9285714285714286,1.0,0.9722222222222222,1.0,0.8695652173913043,1.0,134,0,1,0,1,0,1,0,0
397,397,0,0.9285714285714286,-1.0,0.9761904761904762,1.0,0.9722222222222222,1.0,0.6521739130434783,0.9333333333333332,134,0,1,0,1,0,1,0,0
174,174,0,0.7428571428571429,1.0,0.9268292682926829,1.0,0.9166666666666666,1.0,0.8695652173913043,1.0,135,0,1,0,1,0,1,0,0
407,407,0,0.8428571428571429,1.0,0.9761904761904762,-0.902439024390244,0.8888888888888888,-1.0,0.6956521739130435,0.875,134,2,0,0,1,0,1,0,0
607,607,1,0.9736842105263158,1.0,0.8888888888888888,-0.96875,0.8333333333333334,-1.0,0.6470588235294118,0.0,132,0,1,0,0,1,1,0,0
742,742,1,0.9130434782608696,0.9904761904761904,0.7631578947368421,0.9655172413793104,0.5238095238095238,1.0,0.9090909090909092,1.0,130,0,1,0,1,0,1,0,0
94,94,0,0.6,-1.0,0.8727272727272727,1.0,0.85,1.0,0.6111111111111112,0.0,136,0,1,1,0,0,1,0,0
96,96,0,0.8307692307692308,-1.0,0.9090909090909092,1.0,0.875,1.0,0.5,0.3333333333333333,136,0,1,1,0,0,1,0,0
322,322,0,0.8,1.0,0.9523809523809524,-1.0,0.6944444444444444,-1.0,0.6956521739130435,1.0,134,2,0,0,1,0,1,0,0
958,958,0,0.8307692307692308,1.0,0.6545454545454545,0.9444444444444444,0.7948717948717948,1.0,0.4117647058823529,1.0,137,0,1,0,1,0,1,0,0
372,372,0,0.7285714285714285,-1.0,0.8333333333333334,1.0,0.9444444444444444,1.0,0.8695652173913043,1.0,134,0,1,0,1,0,1,0,0
500,500,1,0.912280701754386,1.0,0.0,,0.0,,0.0,,133,0,1,0,1,0,1,0,0
133,133,0,0.5571428571428572,1.0,0.9268292682926829,-0.9736842105263158,0.8611111111111112,-1.0,0.6521739130434783,1.0,135,2,0,0,1,0,1,0,0
79,79,0,0.4615384615384616,1.0,0.9090909090909092,1.0,0.775,1.0,0.7777777777777778,0.7142857142857143,136,0,1,1,0,0,1,0,0
712,712,1,0.9823008849557522,0.9639639639639641,0.9473684210526316,-0.9444444444444444,1.0,-1.0,0.9,-1.0,131,0,1,0,1,0,1,0,0
42,42,0,0.8461538461538461,1.0,0.9818181818181818,0.9629629629629628,0.975,1.0,0.8947368421052632,0.9411764705882352,136,0,1,0,1,0,1,0,0
590,590,1,0.8859649122807017,1.0,0.5555555555555556,1.0,0.6111111111111112,0.8181818181818182,0.5882352941176471,1.0,132,0,1,0,1,0,0,0,1
790,790,1,0.9565217391304348,1.0,0.4473684210526316,-1.0,0.2857142857142857,-1.0,0.18181818181818185,-1.0,130,0,1,0,1,0,1,0,0
423,423,0,0.8985507246376812,1.0,0.9285714285714286,1.0,0.8888888888888888,1.0,0.7391304347826086,1.0,134,0,1,0,1,0,1,0,0
20,20,0,0.9230769230769232,1.0,0.9636363636363636,-1.0,0.95,-1.0,0.8421052631578947,1.0,136,1,0,0,1,0,1,0,0
25,25,0,0.8,1.0,0.9454545454545454,-1.0,0.95,-0.9736842105263158,0.7894736842105263,1.0,136,1,0,0,1,0,1,0,0
69,69,0,0.8307692307692308,1.0,0.8363636363636363,-1.0,0.9,-1.0,0.8333333333333334,0.0,136,2,0,0,1,0,1,0,0
898,898,1,0.9298245614035088,1.0,0.6842105263157895,-0.9230769230769232,0.0,,0.0,,129,0,1,1,0,0,1,0,0
863,863,1,0.686046511627907,1.0,0.6744186046511628,0.9655172413793104,0.21428571428571427,1.0,0.631578947368421,0.9166666666666666,129,0,1,0,1,0,0,0,1
123,123,0,0.8714285714285714,1.0,0.8780487804878049,1.0,0.8888888888888888,1.0,0.9130434782608696,1.0,135,0,1,0,1,0,1,0,0
161,161,0,0.6428571428571429,0.9333333333333332,0.8536585365853658,-1.0,0.8611111111111112,-1.0,0.6086956521739131,1.0,135,2,0,0,1,0,1,0,0
86,86,0,0.6307692307692307,1.0,0.9272727272727272,1.0,0.925,1.0,0.7777777777777778,0.8571428571428571,136,0,1,1,0,0,1,0,0
357,357,0,0.7285714285714285,1.0,0.9285714285714286,1.0,0.9444444444444444,1.0,0.8260869565217391,1.0,134,0,1,0,1,0,1,0,0
593,593,1,0.8508771929824561,1.0,0.6666666666666666,1.0,0.5555555555555556,1.0,0.4117647058823529,1.0,132,0,1,0,1,0,0,0,1
134,134,0,0.0,,0.951219512195122,0.9487179487179488,0.8333333333333334,1.0,0.6956521739130435,1.0,135,2,1,0,1,0,1,0,0
597,597,1,0.9210526315789472,1.0,0.6666666666666666,-1.0,0.6666666666666666,-1.0,0.6470588235294118,-1.0,132,0,1,0,1,0,0,0,1
204,204,0,0.7,1.0,0.8048780487804879,0.9696969696969696,0.8611111111111112,1.0,0.8260869565217391,1.0,135,0,1,0,1,0,1,0,0
710,710,1,0.9557522123893806,1.0,0.6842105263157895,1.0,0.3636363636363637,1.0,0.1,1.0,131,0,1,0,1,0,1,0,0
902,902,0,0.38461538461538464,0.96,0.8727272727272727,0.8958333333333334,0.725,0.9655172413793104,0.6666666666666666,1.0,137,0,1,0,1,0,0,0,1
162,162,0,0.7571428571428571,1.0,0.902439024390244,-1.0,0.8888888888888888,-0.96875,0.6521739130434783,1.0,135,2,0,0,1,0,1,0,0
744,744,1,0.9130434782608696,1.0,0.7631578947368421,-1.0,0.7619047619047619,-1.0,0.9090909090909092,-1.0,130,0,1,0,1,0,1,0,0
890,890,1,0.9649122807017544,1.0,0.9473684210526316,-0.8888888888888888,0.8095238095238095,-1.0,0.9090909090909092,-0.8,129,0,1,1,0,0,1,0,0
562,562,1,0.8947368421052632,1.0,0.7222222222222222,-1.0,0.6666666666666666,-0.5,0.4117647058823529,0.0,132,0,1,0,1,0,1,0,0
740,740,1,0.982608695652174,1.0,0.8947368421052632,-0.9705882352941176,0.7142857142857143,-1.0,0.7272727272727273,-1.0,130,0,1,0,1,0,1,0,0
720,720,1,0.9545454545454546,1.0,0.7368421052631579,1.0,0.8181818181818182,1.0,0.9,1.0,131,0,1,0,1,0,1,0,0
656,656,1,0.9913793103448276,0.9130434782608696,0.0,,0.0,,0.0,,131,0,1,0,1,0,1,0,0
912,912,0,0.6461538461538462,1.0,0.8909090909090909,0.979591836734694,0.75,1.0,0.2777777777777778,1.0,137,0,1,0,1,0,0,0,1
478,478,1,0.8157894736842105,1.0,0.6857142857142857,1.0,0.7222222222222222,1.0,0.6666666666666666,1.0,133,0,1,0,1,0,0,0,1
349,349,0,0.0,,0.9285714285714286,1.0,0.8888888888888888,1.0,0.8260869565217391,1.0,134,0,1,0,1,0,1,0,0
325,325,0,0.6857142857142857,1.0,0.9047619047619048,1.0,0.8611111111111112,1.0,0.7826086956521741,1.0,134,1,1,0,1,0,0,0,1
586,586,1,0.912280701754386,1.0,0.5833333333333334,1.0,0.6666666666666666,0.0,0.4117647058823529,1.0,132,0,1,0,1,0,0,0,1
813,813,1,0.9043478260869564,1.0,0.7631578947368421,1.0,0.5714285714285714,1.0,0.5454545454545454,1.0,130,0,1,0,1,0,1,0,0
917,917,0,0.5538461538461539,1.0,0.8545454545454545,1.0,0.7,1.0,0.2777777777777778,1.0,137,0,1,0,1,0,0,0,1
887,887,1,0.9736842105263158,1.0,0.9210526315789472,-1.0,0.7142857142857143,1.0,0.7272727272727273,1.0,129,0,1,1,0,0,1,0,0
534,534,1,0.9649122807017544,1.0,0.5945945945945946,1.0,0.6666666666666666,-1.0,0.6470588235294118,1.0,132,0,1,0,1,0,0,0,1
259,259,0,0.9876543209876544,-0.85,0.975609756097561,1.0,1.0,1.0,0.8695652173913043,1.0,134,0,1,0,1,0,1,0,0
816,816,1,0.9391304347826088,1.0,0.8157894736842105,1.0,0.5238095238095238,-0.9090909090909092,0.8181818181818182,-1.0,130,0,1,0,1,0,0,0,1
558,558,1,0.9473684210526316,1.0,0.8611111111111112,0.0,0.7777777777777778,1.0,0.8235294117647058,1.0,132,0,1,0,1,0,1,0,0
223,223,0,0.953846153846154,1.0,0.9636363636363636,-0.9622641509433962,0.95,-1.0,1.0,0.6842105263157895,135,0,1,1,0,0,1,0,0
748,748,1,0.9739130434782608,0.9910714285714286,0.7105263157894737,-0.9629629629629628,0.8095238095238095,-1.0,0.9090909090909092,-0.9,130,0,1,0,1,0,0,0,1
870,870,1,0.686046511627907,1.0,0.5348837209302325,1.0,0.5,1.0,0.4736842105263158,0.7777777777777778,129,0,1,0,1,0,1,0,0
418,418,0,0.5362318840579711,-0.972972972972973,0.9047619047619048,1.0,0.9166666666666666,1.0,0.7826086956521741,1.0,134,0,1,0,1,0,1,0,0
709,709,1,0.9469026548672568,1.0,0.6842105263157895,1.0,0.3636363636363637,1.0,0.1,1.0,131,0,1,0,1,0,1,0,0
194,194,0,0.7,1.0,0.8536585365853658,1.0,0.8611111111111112,1.0,0.8260869565217391,1.0,135,0,1,0,1,0,1,0,0
202,202,0,0.7,1.0,0.8536585365853658,1.0,0.8611111111111112,1.0,0.8260869565217391,1.0,135,0,1,0,1,0,1,0,0
482,482,1,0.9210526315789472,1.0,0.6,0.9047619047619048,0.7222222222222222,1.0,0.3333333333333333,1.0,133,0,1,0,1,0,1,0,0
288,288,0,0.9367088607594936,0.972972972972973,0.9761904761904762,1.0,0.9444444444444444,1.0,0.8695652173913043,1.0,134,0,1,0,1,0,1,0,0
703,703,1,0.912280701754386,1.0,0.6052631578947368,1.0,0.45,1.0,0.5454545454545454,1.0,131,0,1,0,1,0,0,0,1
983,983,0,0.9666666666666668,1.0,0.8627450980392157,-1.0,0.8936170212765957,-1.0,0.9333333333333332,-1.0,137,0,1,1,0,0,1,0,0
21,21,0,0.7230769230769231,0.9787234042553192,0.9454545454545454,-1.0,0.95,-1.0,0.6842105263157895,0.8461538461538461,136,1,0,0,1,0,1,0,0
60,60,0,0.7076923076923077,-1.0,0.8727272727272727,1.0,0.775,1.0,0.5,-1.0,136,0,1,0,1,0,1,0,0
466,466,1,0.9473684210526316,1.0,0.7142857142857143,0.92,0.8888888888888888,-1.0,0.5714285714285714,-1.0,133,0,1,0,1,0,1,0,0
943,943,0,0.8307692307692308,0.8703703703703703,0.8,0.6136363636363636,0.8974358974358975,0.9714285714285714,0.6470588235294118,1.0,137,0,1,0,1,0,1,0,0
378,378,0,0.6428571428571429,-0.9555555555555556,0.8333333333333334,1.0,0.9444444444444444,1.0,0.7826086956521741,1.0,134,0,1,0,1,0,1,0,0
782,782,1,0.9304347826086956,1.0,0.0,,0.0,,0.0,,130,0,1,0,1,0,0,0,1
829,829,1,0.9217391304347826,1.0,0.7631578947368421,1.0,0.6666666666666666,1.0,0.6363636363636364,1.0,130,0,1,0,1,0,0,0,1
433,433,0,0.6811594202898551,1.0,0.8333333333333334,1.0,0.75,1.0,0.7391304347826086,1.0,134,0,1,0,1,0,1,0,0
292,292,0,0.9240506329113924,-0.8904109589041096,0.9761904761904762,1.0,0.9166666666666666,1.0,0.8695652173913043,1.0,134,0,1,0,1,0,1,0,0
296,296,0,0.9493670886075948,-1.0,0.9761904761904762,1.0,0.9444444444444444,1.0,0.8260869565217391,1.0,134,0,1,0,1,0,1,0,0
2,2,0,0.8307692307692308,1.0,0.9272727272727272,1.0,0.975,1.0,0.7368421052631579,1.0,136,0,1,0,1,0,0,0,1
41,41,0,0.8769230769230769,-1.0,0.9818181818181818,1.0,0.975,1.0,0.8421052631578947,1.0,136,0,1,0,1,0,1,0,0
845,845,1,0.6976744186046512,1.0,0.7674418604651163,1.0,0.6785714285714286,1.0,0.6842105263157895,1.0,129,0,1,0,1,0,0,0,1
526,526,1,0.8859649122807017,1.0,0.6756756756756757,1.0,0.8333333333333334,1.0,0.5294117647058824,1.0,132,0,1,0,1,0,1,0,0
226,226,0,0.9384615384615383,1.0,0.9818181818181818,-1.0,1.0,-1.0,0.8421052631578947,0.125,135,0,0,1,0,0,1,0,0
271,271,0,0.9113924050632912,-1.0,0.9761904761904762,1.0,0.9444444444444444,1.0,0.9130434782608696,1.0,134,0,1,0,1,0,1,0,0
145,145,0,0.9285714285714286,0.9692307692307692,0.951219512195122,1.0,0.8611111111111112,1.0,0.6956521739130435,1.0,135,0,1,0,1,0,1,0,0
315,315,0,0.7,1.0,0.9285714285714286,1.0,0.7777777777777778,1.0,0.9130434782608696,1.0,134,0,1,0,1,0,1,0,0
805,805,1,0.7652173913043478,1.0,0.4473684210526316,1.0,0.09523809523809523,1.0,0.18181818181818185,1.0,130,0,1,0,1,0,1,0,0
997,997,0,0.9075630252100841,1.0,0.6666666666666666,1.0,0.8936170212765957,1.0,0.8666666666666667,1.0,137,0,1,1,0,0,1,0,0
543,543,1,0.9736842105263158,1.0,0.9189189189189191,-1.0,0.9444444444444444,-1.0,0.7058823529411765,-1.0,132,0,1,0,1,0,1,0,0
374,374,0,0.8142857142857143,-1.0,0.9047619047619048,1.0,0.8888888888888888,1.0,0.9130434782608696,1.0,134,0,1,0,1,0,1,0,0
248,248,0,0.7692307692307693,1.0,0.9636363636363636,1.0,0.975,1.0,0.8421052631578947,1.0,135,0,1,1,0,0,1,0,0
268,268,0,0.6329113924050633,0.78,0.9285714285714286,1.0,0.8888888888888888,1.0,0.5652173913043478,1.0,134,0,1,0,1,0,0,0,1
518,518,1,0.8991596638655462,1.0,0.7567567567567568,1.0,0.6666666666666666,1.0,0.29411764705882354,1.0,132,0,1,0,1,0,0,0,1
763,763,1,0.7043478260869566,-1.0,0.5789473684210527,1.0,0.42857142857142855,0.7777777777777778,0.2727272727272727,1.0,130,1,0,0,1,0,0,0,1
389,389,0,0.5428571428571428,1.0,0.9047619047619048,1.0,0.75,1.0,0.6521739130434783,1.0,134,0,1,0,1,0,1,0,0
410,410,0,0.8260869565217391,1.0,0.8571428571428571,1.0,0.8611111111111112,1.0,0.8695652173913043,1.0,134,0,1,0,1,0,1,0,0
84,84,0,0.6461538461538462,1.0,0.9272727272727272,1.0,0.9,1.0,0.7777777777777778,1.0,136,0,1,1,0,0,1,0,0
747,747,1,0.982608695652174,0.9823008849557522,0.7105263157894737,-0.7777777777777778,0.8095238095238095,-1.0,0.9090909090909092,-1.0,130,0,1,0,1,0,0,0,1
621,621,1,0.9561403508771931,1.0,0.8333333333333334,1.0,0.7222222222222222,1.0,0.5882352941176471,1.0,132,0,1,0,0,1,1,0,0
154,154,0,0.7,1.0,0.8292682926829268,1.0,0.8333333333333334,1.0,0.5217391304347826,1.0,135,0,1,0,1,0,1,0,0
434,434,0,0.7101449275362319,-0.979591836734694,0.9285714285714286,1.0,0.8333333333333334,1.0,0.8695652173913043,1.0,134,0,1,0,1,0,1,0,0
327,327,0,0.4714285714285714,1.0,0.8571428571428571,1.0,0.8055555555555556,1.0,0.5652173913043478,1.0,134,0,1,0,1,0,0,0,1
571,571,1,0.8859649122807017,1.0,0.6666666666666666,1.0,0.5,1.0,0.29411764705882354,1.0,132,0,1,0,1,0,1,0,0
972,972,0,0.9833333333333332,1.0,0.9019607843137256,-1.0,0.8936170212765957,-1.0,0.8666666666666667,-1.0,137,0,1,1,0,0,1,0,0
969,969,0,0.9833333333333332,1.0,0.9019607843137256,-1.0,0.9574468085106383,-1.0,0.8666666666666667,-1.0,137,0,1,1,0,0,1,0,0
623,623,1,0.9736842105263158,1.0,0.8888888888888888,-0.9375,0.8888888888888888,-1.0,0.7058823529411765,0.0,132,0,1,0,0,1,1,0,0
212,212,0,0.7,0.979591836734694,0.8292682926829268,1.0,0.8611111111111112,1.0,0.8260869565217391,1.0,135,0,1,0,1,0,1,0,0
894,894,1,0.9385964912280702,0.9813084112149532,0.8421052631578947,-1.0,0.7142857142857143,-0.8666666666666667,0.9090909090909092,-1.0,129,0,1,1,0,0,1,0,0
364,364,0,0.8285714285714286,-1.0,0.9285714285714286,1.0,0.9722222222222222,1.0,0.9130434782608696,1.0,134,0,1,0,1,0,1,0,0
181,181,0,0.7142857142857143,-1.0,0.8780487804878049,1.0,0.9166666666666666,0.9696969696969696,0.6521739130434783,1.0,135,0,1,0,1,0,1,0,0
351,351,0,0.7571428571428571,-1.0,0.8809523809523809,1.0,0.9166666666666666,1.0,0.9130434782608696,1.0,134,0,1,0,1,0,1,0,0
158,158,0,0.2714285714285714,0.631578947368421,0.8536585365853658,0.9142857142857144,0.8611111111111112,0.967741935483871,0.6956521739130435,0.8125,135,0,1,0,1,0,1,0,0
930,930,0,0.7538461538461538,-1.0,0.9636363636363636,1.0,0.9230769230769232,1.0,0.6666666666666666,0.5,137,0,1,0,1,0,1,0,0
430,430,0,0.0,,0.8809523809523809,1.0,0.8611111111111112,1.0,0.7391304347826086,1.0,134,0,1,0,1,0,1,0,0
774,774,1,0.9304347826086956,0.97196261682243,0.0,,0.0,,0.0,,130,0,1,0,1,0,0,0,1
153,153,0,0.9571428571428572,-0.9850746268656716,0.975609756097561,1.0,1.0,1.0,0.8695652173913043,1.0,135,1,0,0,1,0,1,0,0
206,206,0,0.7,1.0,0.8048780487804879,1.0,0.8333333333333334,1.0,0.8260869565217391,1.0,135,0,1,0,1,0,1,0,0
405,405,0,0.7285714285714285,-1.0,0.9285714285714286,1.0,0.8888888888888888,1.0,0.7826086956521741,-1.0,134,0,1,0,1,0,1,0,0
232,232,0,0.8153846153846154,0.018867924528301886,0.9636363636363636,1.0,1.0,1.0,0.8421052631578947,1.0,135,0,1,1,0,0,1,0,0
180,180,0,0.7,1.0,0.6585365853658537,0.8518518518518519,0.8055555555555556,0.9310344827586208,0.6956521739130435,1.0,135,0,1,0,1,0,1,0,0
14,14,0,0.9076923076923076,1.0,0.9454545454545454,-1.0,0.925,-1.0,0.8421052631578947,1.0,136,1,0,0,1,0,1,0,0
885,885,1,0.9736842105263158,1.0,0.9473684210526316,-0.9444444444444444,0.8095238095238095,1.0,0.8181818181818182,1.0,129,0,1,1,0,0,1,0,0
121,121,0,0.8428571428571429,0.9661016949152542,0.8780487804878049,-0.9722222222222222,0.8055555555555556,-1.0,0.8260869565217391,1.0,135,2,0,0,1,0,1,0,0
18,18,0,0.9076923076923076,1.0,0.9636363636363636,-0.9245283018867924,0.9,-1.0,0.7894736842105263,1.0,136,1,0,0,1,0,1,0,0
89,89,0,0.6461538461538462,-1.0,0.8909090909090909,1.0,0.825,1.0,0.4444444444444444,0.75,136,0,1,1,0,0,1,0,0
544,544,1,0.9736842105263158,1.0,0.8918918918918919,0.9393939393939394,0.9444444444444444,-1.0,0.7058823529411765,1.0,132,0,1,0,1,0,1,0,0
524,524,1,0.8571428571428571,0.9901960784313726,0.6486486486486487,1.0,0.7222222222222222,0.6923076923076923,0.5294117647058824,0.1111111111111111,132,0,1,0,1,0,0,0,1
451,451,1,0.9473684210526316,1.0,0.8571428571428571,0.9666666666666668,1.0,1.0,0.7647058823529411,1.0,133,0,1,0,1,0,1,0,0
470,470,1,0.9561403508771931,1.0,0.6857142857142857,1.0,0.6666666666666666,0.0,0.42857142857142855,1.0,133,0,1,0,1,0,1,0,0
175,175,0,0.4428571428571429,0.0,0.902439024390244,1.0,0.9444444444444444,1.0,0.8695652173913043,1.0,135,0,1,0,1,0,1,0,0
411,411,0,0.8260869565217391,0.8947368421052632,0.8809523809523809,1.0,0.8888888888888888,1.0,0.7826086956521741,1.0,134,0,1,0,1,0,1,0,0
985,985,0,0.9833333333333332,1.0,0.8627450980392157,-1.0,0.8936170212765957,-1.0,0.9333333333333332,-1.0,137,0,1,1,0,0,1,0,0
383,383,0,0.8142857142857143,-1.0,0.8809523809523809,1.0,0.8888888888888888,1.0,0.9130434782608696,0.9523809523809524,134,0,1,0,1,0,1,0,0
432,432,0,0.5942028985507246,1.0,0.7857142857142857,1.0,0.7222222222222222,1.0,0.7391304347826086,1.0,134,0,1,0,1,0,1,0,0
303,303,0,0.9367088607594936,-1.0,0.9523809523809524,1.0,0.9166666666666666,1.0,0.7826086956521741,1.0,134,0,1,0,1,0,1,0,0
873,873,1,0.7558139534883721,1.0,0.6511627906976745,1.0,0.7857142857142857,1.0,0.7894736842105263,1.0,129,0,1,0,1,0,1,0,0
102,102,0,0.7846153846153846,1.0,0.7454545454545455,-1.0,0.625,-1.0,0.7222222222222222,1.0,136,2,0,1,0,0,1,0,0
396,396,0,0.9285714285714286,-0.8461538461538461,0.9761904761904762,1.0,0.9722222222222222,1.0,0.7826086956521741,0.8888888888888888,134,0,1,0,1,0,1,0,0
316,316,0,0.6428571428571429,1.0,0.9285714285714286,0.9743589743589745,0.7777777777777778,1.0,0.9130434782608696,1.0,134,0,1,0,1,0,1,0,0
55,55,0,0.8,1.0,0.8181818181818182,-1.0,0.9,-0.9722222222222222,0.6666666666666666,1.0,136,2,0,0,1,0,1,0,0
601,601,1,0.9473684210526316,1.0,0.75,1.0,0.8333333333333334,1.0,0.5294117647058824,0.7777777777777778,132,0,1,0,0,1,1,0,0
793,793,1,0.9565217391304348,1.0,0.2631578947368421,1.0,0.09523809523809523,1.0,0.0,,130,0,1,0,1,0,1,0,0
331,331,0,0.4857142857142857,0.9411764705882352,0.9285714285714286,1.0,0.8611111111111112,1.0,0.7391304347826086,0.8823529411764706,134,0,1,0,1,0,0,0,1
104,104,0,0.6615384615384615,-1.0,0.7090909090909091,1.0,0.65,1.0,0.4444444444444444,1.0,136,0,1,1,0,0,1,0,0
435,435,0,0.6811594202898551,-1.0,0.8571428571428571,0.9722222222222222,0.8888888888888888,0.9375,0.7826086956521741,1.0,134,0,1,0,1,0,1,0,0
446,446,0,0.7142857142857143,0.98,0.9047619047619048,-1.0,0.8888888888888888,-1.0,0.7391304347826086,-0.9411764705882352,134,2,0,1,0,0,1,0,0
610,610,1,0.9736842105263158,1.0,0.8888888888888888,-0.9375,0.8888888888888888,-1.0,0.7058823529411765,0.0,132,0,1,0,0,1,1,0,0
12,12,0,0.9384615384615383,1.0,0.9636363636363636,-1.0,0.925,-1.0,0.8947368421052632,1.0,136,1,0,0,1,0,1,0,0
380,380,0,0.8142857142857143,-1.0,0.9047619047619048,1.0,0.8888888888888888,1.0,0.9130434782608696,1.0,134,0,1,0,1,0,1,0,0
699,699,1,0.9210526315789472,1.0,0.7631578947368421,1.0,0.7,1.0,0.8181818181818182,1.0,131,0,1,0,1,0,0,0,1
675,675,1,0.9655172413793104,0.9642857142857144,0.0,,0.0,,0.0,,131,0,1,0,1,0,1,0,0
54,54,0,0.7230769230769231,-1.0,0.8727272727272727,1.0,0.95,1.0,0.7222222222222222,0.8461538461538461,136,0,1,0,1,0,1,0,0
85,85,0,0.7384615384615385,-1.0,0.9272727272727272,1.0,0.85,1.0,0.7777777777777778,0.6428571428571429,136,0,1,1,0,0,1,0,0
527,527,1,0.8333333333333334,1.0,0.6756756756756757,-1.0,0.7777777777777778,1.0,0.5882352941176471,-1.0,132,0,1,0,1,0,1,0,0
787,787,1,0.9478260869565216,1.0,0.4473684210526316,-1.0,0.3333333333333333,-0.8571428571428571,0.3636363636363637,-1.0,130,0,1,0,1,0,1,0,0
8,8,0,0.9230769230769232,-1.0,0.9818181818181818,1.0,0.95,1.0,0.7368421052631579,1.0,136,1,1,0,1,0,0,0,1
645,645,1,0.9913793103448276,0.9130434782608696,0.0,,0.0,,0.0,,131,0,1,0,1,0,1,0,0
492,492,1,0.9736842105263158,1.0,0.6857142857142857,-1.0,0.8333333333333334,-1.0,0.06666666666666668,1.0,133,0,1,0,1,0,1,0,0
614,614,1,0.9736842105263158,1.0,0.8888888888888888,-0.9375,0.8888888888888888,-1.0,0.7058823529411765,0.0,132,0,1,0,0,1,1,0,0
606,606,1,0.9736842105263158,1.0,0.8888888888888888,-0.9375,0.8888888888888888,-1.0,0.7058823529411765,0.0,132,0,1,0,0,1,1,0,0
647,647,1,0.9913793103448276,0.9130434782608696,0.0,,0.0,,0.0,,131,0,1,0,1,0,1,0,0
66,66,0,0.7846153846153846,1.0,0.8545454545454545,1.0,0.9,1.0,0.8333333333333334,1.0,136,0,1,0,1,0,1,0,0
851,851,1,0.6395348837209303,1.0,0.7209302325581395,0.967741935483871,0.42857142857142855,1.0,0.5789473684210527,-0.8181818181818182,129,0,1,0,1,0,0,0,1
355,355,0,0.7285714285714285,-0.9215686274509804,0.8571428571428571,1.0,0.9444444444444444,0.9411764705882352,0.9130434782608696,1.0,134,0,1,0,1,0,1,0,0
689,689,1,0.7913043478260869,1.0,0.4473684210526316,0.8823529411764706,0.3,0.6666666666666666,0.4545454545454545,-1.0,131,0,1,0,1,0,0,0,1
49,49,0,0.8307692307692308,-1.0,0.8363636363636363,-1.0,0.925,-0.945945945945946,0.7777777777777778,0.7142857142857143,136,2,0,0,1,0,1,0,0
182,182,0,0.6714285714285714,1.0,0.8536585365853658,1.0,0.8888888888888888,1.0,0.8260869565217391,1.0,135,0,1,0,1,0,1,0,0
309,309,0,0.9240506329113924,-0.8630136986301371,0.9761904761904762,1.0,0.9444444444444444,1.0,0.8695652173913043,1.0,134,0,1,0,1,0,1,0,0
76,76,0,0.0,,0.9818181818181818,1.0,0.975,1.0,1.0,0.5555555555555556,136,0,1,0,1,0,1,0,0
115,115,0,0.9,1.0,0.902439024390244,1.0,0.8055555555555556,1.0,0.8333333333333334,1.0,135,0,1,0,1,0,1,0,0
952,952,0,0.7384615384615385,0.9375,0.6909090909090909,0.9736842105263158,0.7435897435897436,0.9655172413793104,0.4117647058823529,1.0,137,0,1,0,1,0,1,0,0
737,737,1,0.9545454545454546,1.0,0.9473684210526316,-0.9444444444444444,0.8181818181818182,-1.0,0.7,-1.0,131,0,1,0,1,0,1,0,0
981,981,0,0.9833333333333332,0.9830508474576272,0.8627450980392157,-1.0,0.8297872340425532,-1.0,0.9333333333333332,-1.0,137,0,1,1,0,0,1,0,0
229,229,0,0.9692307692307692,-0.9365079365079364,0.9818181818181818,1.0,1.0,1.0,0.8947368421052632,0.9411764705882352,135,0,1,1,0,0,1,0,0
777,777,1,0.9304347826086956,0.9626168224299064,0.0,,0.0,,0.0,,130,0,1,0,1,0,0,0,1
778,778,1,0.9304347826086956,1.0,0.0,,0.0,,0.0,,130,0,1,0,1,0,0,0,1
629,629,1,0.9824561403508772,1.0,0.8857142857142857,-1.0,1.0,-1.0,0.8235294117647058,-1.0,132,0,1,1,0,0,1,0,0
444,444,0,0.5,1.0,0.8571428571428571,1.0,0.9166666666666666,1.0,1.0,1.0,134,0,1,1,0,0,1,0,0
588,588,1,0.8771929824561403,1.0,0.5,-1.0,0.7222222222222222,1.0,0.5294117647058824,1.0,132,0,1,0,1,0,0,0,1
745,745,1,0.9130434782608696,1.0,0.7368421052631579,-1.0,0.7619047619047619,-1.0,0.9090909090909092,-1.0,130,0,1,0,1,0,1,0,0
262,262,0,0.9493670886075948,1.0,0.9285714285714286,-1.0,1.0,-1.0,0.9565217391304348,1.0,134,1,0,0,1,0,0,0,1
984,984,0,0.9833333333333332,1.0,0.8627450980392157,-1.0,0.8936170212765957,-1.0,0.9333333333333332,-1.0,137,0,1,1,0,0,1,0,0
682,682,1,0.8869565217391304,1.0,0.5789473684210527,1.0,0.2,1.0,0.6363636363636364,1.0,131,0,1,0,1,0,0,0,1
671,671,1,0.9913793103448276,0.9130434782608696,0.0,,0.0,,0.0,,131,0,1,0,1,0,1,0,0
479,479,1,0.8421052631578947,1.0,0.6857142857142857,1.0,0.7777777777777778,1.0,0.6666666666666666,1.0,133,0,1,0,1,0,0,0,1
502,502,1,0.912280701754386,1.0,0.0,,0.0,,0.0,,133,0,1,0,1,0,1,0,0
27,27,0,0.9384615384615383,1.0,0.9636363636363636,-1.0,0.95,-1.0,0.8421052631578947,1.0,136,1,0,0,1,0,1,0,0
528,528,1,0.8859649122807017,1.0,0.8378378378378378,1.0,0.7222222222222222,1.0,0.5882352941176471,1.0,132,0,1,0,1,0,1,0,0
956,956,0,0.7846153846153846,0.9803921568627452,0.5636363636363636,1.0,0.7179487179487181,1.0,0.4117647058823529,1.0,137,0,1,0,1,0,1,0,0
458,458,1,0.9298245614035088,1.0,0.6285714285714286,-1.0,0.3333333333333333,-1.0,0.5294117647058824,-1.0,133,0,1,0,1,0,0,0,1
529,529,1,0.8859649122807017,1.0,0.7837837837837838,1.0,0.6111111111111112,1.0,0.4705882352941176,1.0,132,0,1,0,1,0,1,0,0
697,697,1,0.8245614035087719,-1.0,0.7894736842105263,1.0,0.55,1.0,0.3636363636363637,1.0,131,1,0,0,1,0,0,0,1
429,429,0,0.855072463768116,1.0,0.9047619047619048,1.0,0.8611111111111112,1.0,0.4782608695652174,1.0,134,0,1,0,1,0,1,0,0
172,172,0,0.6714285714285714,1.0,0.8780487804878049,-1.0,0.9444444444444444,-1.0,0.4782608695652174,0.8181818181818182,135,2,0,0,1,0,1,0,0
91,91,0,0.6615384615384615,0.0,0.8545454545454545,1.0,0.825,1.0,0.5,1.0,136,0,1,1,0,0,1,0,0
201,201,0,0.6,1.0,0.8780487804878049,1.0,0.8333333333333334,1.0,0.8260869565217391,1.0,135,0,1,0,1,0,1,0,0
17,17,0,0.8307692307692308,1.0,0.9454545454545454,-1.0,0.925,-1.0,0.5263157894736842,1.0,136,1,0,0,1,0,1,0,0
970,970,0,0.975,1.0,0.9019607843137256,-1.0,0.8936170212765957,-1.0,0.8666666666666667,-1.0,137,0,1,1,0,0,1,0,0
531,531,1,0.9473684210526316,1.0,0.6486486486486487,1.0,0.6666666666666666,1.0,0.6470588235294118,1.0,132,0,1,0,1,0,0,0,1
665,665,1,0.9913793103448276,0.9130434782608696,0.0,,0.0,,0.0,,131,0,1,0,1,0,1,0,0
903,903,0,0.4923076923076923,1.0,0.9090909090909092,0.9,0.75,0.9333333333333332,0.6666666666666666,1.0,137,0,1,0,1,0,0,0,1
811,811,1,0.9478260869565216,1.0,0.6842105263157895,1.0,0.7619047619047619,1.0,0.9090909090909092,1.0,130,1,1,0,1,0,1,0,0
966,966,0,0.6153846153846154,-0.95,0.6909090909090909,0.9473684210526316,0.8205128205128205,0.96875,0.4117647058823529,-1.0,137,2,0,0,1,0,1,0,0
726,726,1,0.8818181818181818,0.9587628865979382,0.6578947368421053,0.96,0.3636363636363637,1.0,0.8,1.0,131,0,1,0,1,0,1,0,0
694,694,1,0.8086956521739129,1.0,0.5526315789473685,1.0,0.3,1.0,0.4545454545454545,1.0,131,0,1,0,1,0,0,0,1
848,848,1,0.6511627906976745,1.0,0.7674418604651163,1.0,0.4642857142857143,1.0,0.7368421052631579,1.0,129,0,1,0,1,0,0,0,1
814,814,1,0.8956521739130435,1.0,0.5789473684210527,0.8181818181818182,0.2857142857142857,0.3333333333333333,0.2727272727272727,-1.0,130,0,1,0,1,0,0,0,1
462,462,1,0.9473684210526316,1.0,0.7142857142857143,-1.0,0.8888888888888888,-1.0,0.5714285714285714,-1.0,133,0,1,0,1,0,1,0,0
798,798,1,0.8869565217391304,1.0,0.5526315789473685,1.0,0.19047619047619047,1.0,0.0,,130,0,1,0,1,0,1,0,0
944,944,0,0.7230769230769231,0.8723404255319149,0.7636363636363637,0.7142857142857143,0.8461538461538461,0.9090909090909092,0.4705882352941176,1.0,137,0,1,0,1,0,1,0,0
655,655,1,0.9913793103448276,0.9130434782608696,0.0,,0.0,,0.0,,131,0,1,0,1,0,1,0,0
234,234,0,0.8461538461538461,-1.0,0.9454545454545454,1.0,1.0,1.0,0.8421052631578947,0.625,135,0,1,1,0,0,1,0,0
176,176,0,0.4714285714285714,1.0,0.8780487804878049,1.0,0.9444444444444444,1.0,0.8260869565217391,1.0,135,0,1,0,1,0,1,0,0
406,406,0,0.6714285714285714,-0.9787234042553192,0.9523809523809524,0.8,0.8333333333333334,0.6,0.6521739130434783,0.9333333333333332,134,0,1,0,1,0,1,0,0
348,348,0,0.6285714285714286,-0.9545454545454546,0.8571428571428571,1.0,0.9444444444444444,1.0,0.7826086956521741,1.0,134,0,1,0,1,0,1,0,0
200,200,0,0.7,1.0,0.8536585365853658,1.0,0.8611111111111112,1.0,0.8260869565217391,1.0,135,0,1,0,1,0,1,0,0
864,864,1,0.9069767441860463,1.0,0.813953488372093,0.8857142857142857,0.75,0.9047619047619048,0.7368421052631579,0.0,129,0,1,0,1,0,1,0,0
13,13,0,0.6615384615384615,1.0,0.9090909090909092,-1.0,0.9,-1.0,0.42105263157894735,1.0,136,1,0,0,1,0,1,0,0
263,263,0,0.9367088607594936,1.0,0.9047619047619048,1.0,1.0,1.0,0.9565217391304348,1.0,134,0,1,0,1,0,0,0,1
269,269,0,0.0,,0.9285714285714286,1.0,0.9166666666666666,1.0,0.6086956521739131,1.0,134,0,1,0,1,0,0,0,1
567,567,1,0.9035087719298246,1.0,0.75,1.0,0.5,1.0,0.29411764705882354,1.0,132,0,1,0,1,0,1,0,0
669,669,1,0.9913793103448276,0.9130434782608696,0.0,,0.0,,0.0,,131,0,1,0,1,0,1,0,0
620,620,1,0.9736842105263158,1.0,0.8888888888888888,-0.9375,0.8888888888888888,-0.875,0.7058823529411765,0.0,132,0,1,0,0,1,1,0,0
108,108,0,0.7428571428571429,1.0,0.8048780487804879,1.0,0.7777777777777778,1.0,0.75,1.0,135,0,1,0,1,0,1,0,0
658,658,1,0.9913793103448276,0.9130434782608696,0.0,,0.0,,0.0,,131,0,1,0,1,0,1,0,0
358,358,0,0.8,-1.0,0.9047619047619048,1.0,0.9166666666666666,1.0,0.9130434782608696,1.0,134,0,1,0,1,0,1,0,0
336,336,0,0.8428571428571429,-1.0,0.8571428571428571,1.0,0.9444444444444444,1.0,0.8695652173913043,1.0,134,0,1,0,1,0,1,0,0
211,211,0,0.7,-0.5510204081632653,0.8780487804878049,1.0,0.8888888888888888,1.0,0.8260869565217391,1.0,135,0,1,0,1,0,1,0,0
833,833,1,0.8869565217391304,1.0,0.7631578947368421,0.8965517241379308,0.5714285714285714,0.6666666666666666,0.3636363636363637,1.0,130,0,1,0,1,0,0,0,1
937,937,0,0.4615384615384616,1.0,0.6363636363636364,0.9714285714285714,0.7948717948717948,1.0,0.6666666666666666,1.0,137,0,1,0,1,0,1,0,0
904,904,0,0.5846153846153846,1.0,0.8909090909090909,-0.08163265306122447,0.75,0.8,0.6111111111111112,1.0,137,0,1,0,1,0,0,0,1
624,624,1,0.9736842105263158,1.0,0.8888888888888888,-0.9375,0.8888888888888888,-1.0,0.7058823529411765,0.0,132,0,1,0,0,1,1,0,0
587,587,1,0.9210526315789472,0.9904761904761904,0.5277777777777778,1.0,0.7222222222222222,1.0,0.5294117647058824,0.8888888888888888,132,0,1,0,1,0,0,0,1
255,255,0,0.8307692307692308,-1.0,0.9454545454545454,1.0,0.975,1.0,0.8947368421052632,1.0,135,0,1,1,0,0,1,0,0
28,28,0,0.9076923076923076,1.0,0.9454545454545454,-1.0,0.9,-1.0,0.9473684210526316,1.0,136,1,0,0,1,0,1,0,0
550,550,1,0.9473684210526316,1.0,0.8611111111111112,1.0,0.7777777777777778,1.0,0.8235294117647058,1.0,132,0,1,0,1,0,1,0,0
910,910,0,0.7076923076923077,-1.0,0.9090909090909092,1.0,0.725,1.0,0.3888888888888889,1.0,137,0,1,0,1,0,0,0,1
485,485,1,0.8947368421052632,1.0,0.7714285714285715,1.0,0.7777777777777778,-1.0,0.26666666666666666,1.0,133,0,1,0,1,0,1,0,0
249,249,0,0.5846153846153846,1.0,0.9090909090909092,-1.0,0.925,-1.0,0.631578947368421,1.0,135,2,0,1,0,0,1,0,0
541,541,1,0.9736842105263158,1.0,0.7567567567567568,1.0,0.7777777777777778,1.0,0.29411764705882354,1.0,132,0,1,0,1,0,1,0,0
704,704,1,0.8947368421052632,1.0,0.4473684210526316,1.0,0.15,1.0,0.4545454545454545,1.0,131,0,1,0,1,0,0,0,1
99,99,0,0.7230769230769231,-1.0,0.8181818181818182,1.0,0.725,1.0,0.7222222222222222,1.0,136,0,1,1,0,0,1,0,0
822,822,1,0.9130434782608696,0.9904761904761904,0.5789473684210527,1.0,0.2857142857142857,0.6666666666666666,0.3636363636363637,1.0,130,0,1,0,1,0,0,0,1
883,883,1,0.5903614457831325,0.979591836734694,0.4878048780487805,0.95,0.6666666666666666,0.875,0.5454545454545454,0.6666666666666666,129,0,1,0,1,0,1,0,0
892,892,1,0.9736842105263158,1.0,0.8947368421052632,-1.0,0.8095238095238095,0.8823529411764706,0.8181818181818182,-1.0,129,0,1,1,0,0,1,0,0
599,599,1,0.9561403508771931,1.0,0.75,-0.2962962962962963,0.8888888888888888,-1.0,0.5294117647058824,0.0,132,0,1,0,0,1,1,0,0
167,167,0,0.6,0.9761904761904762,0.6829268292682927,-0.8214285714285714,0.8333333333333334,-0.7333333333333333,0.43478260869565216,0.5,135,0,1,0,1,0,1,0,0
59,59,0,0.8,1.0,0.8363636363636363,-1.0,0.85,-1.0,0.8333333333333334,0.8666666666666667,136,2,0,0,1,0,1,0,0
549,549,1,0.9473684210526316,0.9444444444444444,0.8611111111111112,0.06451612903225806,0.7777777777777778,0.0,0.8235294117647058,1.0,132,0,1,0,1,0,1,0,0
577,577,1,0.8684210526315791,1.0,0.6388888888888888,-1.0,0.4444444444444444,-1.0,0.05882352941176471,-1.0,132,0,1,0,1,0,1,0,0
807,807,1,0.9652173913043478,1.0,0.7368421052631579,-1.0,0.8095238095238095,-1.0,0.9090909090909092,-1.0,130,0,1,0,1,0,1,0,0
928,928,0,0.7692307692307693,-1.0,0.9636363636363636,1.0,0.8974358974358975,1.0,0.6666666666666666,0.5,137,0,1,0,1,0,1,0,0
197,197,0,0.6714285714285714,1.0,0.8536585365853658,1.0,0.8611111111111112,1.0,0.8260869565217391,1.0,135,0,1,0,1,0,1,0,0
265,265,0,0.9367088607594936,0.9864864864864864,0.9523809523809524,1.0,0.9722222222222222,1.0,0.9130434782608696,1.0,134,0,1,0,1,0,0,0,1
36,36,0,0.9230769230769232,1.0,0.9636363636363636,-1.0,0.925,-1.0,0.8421052631578947,1.0,136,1,0,0,1,0,1,0,0
733,733,1,0.9545454545454546,1.0,0.9473684210526316,-0.9444444444444444,0.8181818181818182,-1.0,0.7,-1.0,131,0,1,0,1,0,1,0,0
193,193,0,0.4142857142857143,0.9310344827586208,0.8292682926829268,0.9411764705882352,0.9444444444444444,1.0,0.7826086956521741,1.0,135,0,1,0,1,0,1,0,0
919,919,0,0.5538461538461539,1.0,0.8363636363636363,1.0,0.7,1.0,0.2777777777777778,1.0,137,0,1,0,1,0,0,0,1
178,178,0,0.8142857142857143,-1.0,0.8780487804878049,1.0,0.9444444444444444,0.9705882352941176,0.6521739130434783,1.0,135,0,1,0,1,0,1,0,0
371,371,0,0.8142857142857143,-1.0,0.9047619047619048,1.0,0.8888888888888888,1.0,0.9130434782608696,1.0,134,0,1,0,1,0,1,0,0
961,961,0,0.8,1.0,0.6727272727272727,1.0,0.8205128205128205,1.0,0.4117647058823529,1.0,137,0,1,0,1,0,1,0,0
611,611,1,0.9736842105263158,1.0,0.8888888888888888,-0.9375,0.8888888888888888,-1.0,0.6470588235294118,0.0,132,0,1,0,0,1,1,0,0
164,164,0,0.6285714285714286,1.0,0.7804878048780488,0.96875,0.8333333333333334,0.9333333333333332,0.4782608695652174,1.0,135,0,1,0,1,0,1,0,0
78,78,0,0.5384615384615384,1.0,0.9090909090909092,1.0,0.85,1.0,0.7222222222222222,1.0,136,0,1,1,0,0,1,0,0
685,685,1,0.8,0.9891304347826086,0.5,1.0,0.1,1.0,0.4545454545454545,1.0,131,0,1,0,1,0,0,0,1
415,415,0,0.5652173913043478,-1.0,0.9047619047619048,1.0,0.8611111111111112,1.0,0.6956521739130435,1.0,134,0,1,0,1,0,1,0,0
187,187,0,0.7571428571428571,-1.0,0.8292682926829268,1.0,0.8888888888888888,1.0,0.7826086956521741,-1.0,135,0,0,0,1,0,1,0,0
649,649,1,0.9913793103448276,0.9130434782608696,0.0,,0.0,,0.0,,131,0,1,0,1,0,1,0,0
804,804,1,0.7913043478260869,1.0,0.4473684210526316,1.0,0.2857142857142857,1.0,0.18181818181818185,1.0,130,0,1,0,1,0,1,0,0
39,39,0,0.6,1.0,0.9454545454545454,-1.0,0.875,-1.0,0.631578947368421,1.0,136,1,0,0,1,0,1,0,0
335,335,0,0.8285714285714286,-1.0,0.9523809523809524,1.0,0.8611111111111112,1.0,0.9130434782608696,0.6190476190476191,134,0,1,0,1,0,0,0,1
260,260,0,0.8987341772151899,1.0,0.9761904761904762,-1.0,1.0,-1.0,0.8260869565217391,-0.8947368421052632,134,2,0,0,1,0,1,0,0
602,602,1,0.9473684210526316,1.0,0.75,1.0,0.8333333333333334,1.0,0.5294117647058824,1.0,132,0,1,0,0,1,1,0,0
918,918,0,0.5538461538461539,1.0,0.8363636363636363,1.0,0.7,1.0,0.2777777777777778,1.0,137,0,1,0,1,0,0,0,1
97,97,0,0.676923076923077,0.9772727272727272,0.8909090909090909,1.0,0.775,1.0,0.4444444444444444,1.0,136,0,1,1,0,0,1,0,0
784,784,1,0.9652173913043478,1.0,0.7631578947368421,-1.0,0.6666666666666666,-1.0,0.8181818181818182,-1.0,130,0,1,0,1,0,1,0,0
68,68,0,0.7846153846153846,1.0,0.8545454545454545,1.0,0.925,1.0,0.8333333333333334,1.0,136,0,1,0,1,0,1,0,0
545,545,1,0.9824561403508772,1.0,0.0,,0.0,,0.0,,132,0,1,0,1,0,1,0,0
496,496,1,0.9298245614035088,1.0,0.4571428571428571,-1.0,0.4444444444444444,-1.0,0.4666666666666667,1.0,133,0,1,0,1,0,1,0,0
628,628,1,0.9736842105263158,1.0,0.8888888888888888,-0.9375,0.8888888888888888,0.875,0.7058823529411765,0.0,132,0,1,0,0,1,1,0,0
568,568,1,0.8245614035087719,1.0,0.8611111111111112,1.0,0.8333333333333334,1.0,0.8235294117647058,1.0,132,0,1,0,1,0,1,0,0
820,820,1,0.9217391304347826,1.0,0.6578947368421053,0.84,0.2380952380952381,-0.6,0.3636363636363637,-0.75,130,0,1,0,1,0,0,0,1
365,365,0,0.8,-1.0,0.8809523809523809,1.0,0.8888888888888888,1.0,0.9130434782608696,1.0,134,0,1,0,1,0,1,0,0
270,270,0,0.8227848101265823,-0.9692307692307692,0.9047619047619048,1.0,0.9166666666666666,1.0,0.5652173913043478,1.0,134,1,0,0,1,0,0,0,1
491,491,1,0.9649122807017544,1.0,0.8285714285714286,-0.8620689655172413,0.9444444444444444,-1.0,0.06666666666666668,0.0,133,0,1,0,1,0,1,0,0
648,648,1,0.9913793103448276,0.9130434782608696,0.0,,0.0,,0.0,,131,0,1,0,1,0,1,0,0
827,827,1,0.9304347826086956,1.0,0.7631578947368421,-0.9655172413793104,0.6666666666666666,-0.9285714285714286,0.6363636363636364,-1.0,130,0,1,0,1,0,0,0,1
702,702,1,0.912280701754386,1.0,0.6842105263157895,1.0,0.35,1.0,0.7272727272727273,-1.0,131,0,1,0,1,0,0,0,1
192,192,0,0.5428571428571428,1.0,0.6341463414634146,1.0,0.75,1.0,0.6521739130434783,1.0,135,0,1,0,1,0,1,0,0
114,114,0,0.8,0.9285714285714286,0.902439024390244,1.0,0.8888888888888888,1.0,0.8333333333333334,1.0,135,0,1,0,1,0,1,0,0
995,995,0,0.9327731092436976,1.0,0.7450980392156863,1.0,0.9361702127659576,1.0,1.0,1.0,137,0,1,1,0,0,1,0,0
687,687,1,0.7913043478260869,0.978021978021978,0.5,-1.0,0.1,-1.0,0.3636363636363637,0.0,131,0,1,0,1,0,0,0,1
636,636,1,0.7478260869565218,1.0,0.6578947368421053,1.0,0.55,1.0,0.5454545454545454,1.0,131,1,1,0,1,0,0,0,1
402,402,0,0.8,-1.0,0.9761904761904762,0.975609756097561,0.9444444444444444,0.8235294117647058,0.8260869565217391,0.8947368421052632,134,0,1,0,1,0,1,0,0
580,580,1,0.8859649122807017,1.0,0.8333333333333334,1.0,0.7777777777777778,1.0,0.5294117647058824,1.0,132,0,1,0,1,0,1,0,0
901,901,0,0.7692307692307693,1.0,0.9090909090909092,-1.0,0.75,-1.0,0.7777777777777778,1.0,137,1,0,0,1,0,1,0,0
150,150,0,0.9142857142857144,1.0,0.975609756097561,-1.0,1.0,-1.0,0.8695652173913043,1.0,135,2,0,0,1,0,1,0,0
598,598,1,0.9561403508771931,1.0,0.7777777777777778,-1.0,0.9444444444444444,-1.0,0.8235294117647058,-1.0,132,0,1,0,0,1,1,0,0
147,147,0,0.9571428571428572,-1.0,0.951219512195122,1.0,0.8888888888888888,1.0,0.8260869565217391,-1.0,135,0,0,0,1,0,1,0,0
333,333,0,0.8142857142857143,1.0,0.9047619047619048,0.9736842105263158,0.8611111111111112,1.0,0.8260869565217391,1.0,134,0,1,0,1,0,0,0,1
294,294,0,0.7088607594936709,-0.9285714285714286,0.9285714285714286,1.0,0.8611111111111112,1.0,0.7391304347826086,0.9411764705882352,134,0,1,0,1,0,1,0,0
31,31,0,0.8,1.0,0.9454545454545454,-1.0,0.85,-1.0,0.8421052631578947,1.0,136,1,0,0,1,0,1,0,0
45,45,0,0.9692307692307692,1.0,0.9090909090909092,-1.0,0.975,-1.0,0.9473684210526316,1.0,136,0,1,0,1,0,1,0,0
824,824,1,0.9130434782608696,0.9809523809523808,0.5526315789473685,0.6666666666666666,0.2857142857142857,0.6666666666666666,0.2727272727272727,1.0,130,0,1,0,1,0,0,0,1
495,495,1,0.9210526315789472,1.0,0.42857142857142855,-1.0,0.5,-1.0,0.3333333333333333,-0.6,133,0,1,0,1,0,1,0,0
40,40,0,0.8307692307692308,0.9814814814814816,0.9636363636363636,-0.981132075471698,0.95,-1.0,0.8421052631578947,-0.1875,136,2,0,0,1,0,1,0,0
245,245,0,0.7538461538461538,-0.8775510204081632,0.9636363636363636,1.0,0.975,1.0,0.8421052631578947,1.0,135,0,1,1,0,0,1,0,0
64,64,0,0.7846153846153846,0.9803921568627452,0.8909090909090909,1.0,0.925,1.0,0.8333333333333334,1.0,136,0,1,0,1,0,1,0,0
168,168,0,0.7714285714285715,0.9814814814814816,0.902439024390244,-1.0,0.8611111111111112,-1.0,0.6521739130434783,1.0,135,2,0,0,1,0,1,0,0
437,437,0,0.5942028985507246,-1.0,0.8809523809523809,1.0,0.8611111111111112,1.0,0.6521739130434783,1.0,134,0,1,0,1,0,1,0,0
932,932,0,0.7846153846153846,-1.0,0.9636363636363636,1.0,0.9230769230769232,1.0,0.6111111111111112,0.4545454545454545,137,0,1,0,1,0,1,0,0
173,173,0,0.7,1.0,0.8536585365853658,-0.9142857142857144,0.9166666666666666,-0.9090909090909092,0.5217391304347826,1.0,135,2,0,0,1,0,1,0,0
19,19,0,0.8153846153846154,1.0,0.9636363636363636,-1.0,0.925,-1.0,0.6842105263157895,1.0,136,1,0,0,1,0,1,0,0
130,130,0,0.6428571428571429,1.0,0.8780487804878049,-1.0,0.8888888888888888,-1.0,0.6086956521739131,1.0,135,2,0,0,1,0,1,0,0
467,467,1,0.9473684210526316,1.0,0.7142857142857143,-1.0,0.8888888888888888,-1.0,0.5714285714285714,-1.0,133,0,1,0,1,0,1,0,0
330,330,0,0.5571428571428572,1.0,0.9523809523809524,1.0,0.8888888888888888,1.0,0.7391304347826086,1.0,134,0,1,0,1,0,0,0,1
695,695,1,0.7826086956521741,1.0,0.5526315789473685,1.0,0.3,1.0,0.4545454545454545,1.0,131,0,1,0,1,0,0,0,1
179,179,0,0.7,0.979591836734694,0.8780487804878049,1.0,0.8611111111111112,1.0,0.8260869565217391,1.0,135,0,1,0,1,0,1,0,0
905,905,0,0.5692307692307692,1.0,0.8909090909090909,0.7142857142857143,0.75,0.9,0.6666666666666666,1.0,137,0,1,0,1,0,0,0,1
976,976,0,0.975,1.0,0.8823529411764706,-1.0,0.8936170212765957,-1.0,0.8666666666666667,-1.0,137,0,1,1,0,0,1,0,0
37,37,0,0.7076923076923077,1.0,0.9454545454545454,-1.0,0.875,-1.0,0.6842105263157895,1.0,136,1,0,0,1,0,1,0,0
266,266,0,0.9620253164556962,1.0,0.9761904761904762,1.0,0.9722222222222222,1.0,0.9130434782608696,1.0,134,0,1,0,1,0,0,0,1
988,988,0,0.9833333333333332,1.0,0.8431372549019608,-0.9069767441860463,0.8723404255319149,-1.0,0.9333333333333332,-1.0,137,0,1,1,0,0,1,0,0
22,22,0,0.676923076923077,1.0,0.9454545454545454,-1.0,0.95,-1.0,0.8421052631578947,1.0,136,1,0,0,1,0,1,0,0
210,210,0,0.7,1.0,0.8292682926829268,1.0,0.8333333333333334,1.0,0.8260869565217391,1.0,135,0,1,0,1,0,1,0,0
776,776,1,0.9304347826086956,1.0,0.0,,0.0,,0.0,,130,0,1,0,1,0,0,0,1
366,366,0,0.7142857142857143,-1.0,0.8333333333333334,1.0,0.9444444444444444,1.0,0.8260869565217391,1.0,134,0,1,0,1,0,1,0,0
385,385,0,0.8428571428571429,-1.0,0.8809523809523809,1.0,0.9722222222222222,1.0,0.8695652173913043,1.0,134,0,1,0,1,0,1,0,0
936,936,0,0.5538461538461539,1.0,0.8181818181818182,1.0,0.9487179487179488,1.0,0.7222222222222222,1.0,137,0,1,0,1,0,1,0,0
88,88,0,0.6615384615384615,-1.0,0.8909090909090909,1.0,0.85,1.0,0.6666666666666666,1.0,136,0,1,1,0,0,1,0,0
62,62,0,0.7538461538461538,1.0,0.8727272727272727,1.0,0.9,1.0,0.8333333333333334,1.0,136,0,1,0,1,0,1,0,0
449,449,0,0.7714285714285715,1.0,0.8536585365853658,-1.0,0.8611111111111112,-1.0,0.625,1.0,134,2,0,1,0,0,1,0,0
721,721,1,0.9454545454545454,1.0,0.6052631578947368,-1.0,0.7272727272727273,1.0,0.8,1.0,131,0,1,0,1,0,1,0,0
250,250,0,0.7692307692307693,1.0,0.9636363636363636,1.0,0.975,1.0,0.8421052631578947,1.0,135,0,1,1,0,0,1,0,0
882,882,1,0.6144578313253012,1.0,0.3414634146341464,1.0,0.75,1.0,0.5909090909090909,1.0,129,0,1,0,1,0,1,0,0
149,149,0,0.9571428571428572,1.0,0.9268292682926829,1.0,0.8611111111111112,1.0,0.7826086956521741,1.0,135,0,1,0,1,0,1,0,0
354,354,0,0.7857142857142857,-1.0,0.9047619047619048,1.0,0.9444444444444444,1.0,0.9130434782608696,0.9523809523809524,134,0,1,0,1,0,1,0,0
475,475,1,0.8859649122807017,1.0,0.6571428571428571,-1.0,0.2777777777777778,-1.0,0.4666666666666667,-0.7142857142857143,133,0,1,0,1,0,0,0,1
143,143,0,0.9142857142857144,-1.0,0.951219512195122,1.0,0.8888888888888888,1.0,0.6956521739130435,1.0,135,0,1,0,1,0,1,0,0
521,521,1,0.8487394957983193,1.0,0.5675675675675675,0.9523809523809524,0.7222222222222222,0.0,0.5294117647058824,1.0,132,0,1,0,1,0,0,0,1
878,878,1,0.7590361445783133,0.984126984126984,0.6829268292682927,0.9642857142857144,0.8333333333333334,0.95,0.8181818181818182,1.0,129,0,1,0,1,0,1,0,0
846,846,1,0.7674418604651163,1.0,0.8372093023255814,1.0,0.7142857142857143,1.0,0.7894736842105263,1.0,129,0,1,0,1,0,0,0,1
992,992,0,0.975,1.0,0.7843137254901961,-1.0,0.8085106382978723,-1.0,0.8666666666666667,-1.0,137,0,1,1,0,0,1,0,0
877,877,1,0.7228915662650602,0.9833333333333332,0.7804878048780488,0.96875,0.7916666666666666,0.9473684210526316,0.8636363636363636,1.0,129,0,1,0,1,0,1,0,0
7,7,0,0.8461538461538461,-1.0,0.9454545454545454,0.9807692307692308,0.95,1.0,0.631578947368421,1.0,136,1,0,0,1,0,0,0,1
457,457,1,0.9210526315789472,1.0,0.7428571428571429,1.0,0.7777777777777778,0.42857142857142855,0.2352941176470588,1.0,133,0,1,0,1,0,0,0,1
244,244,0,0.676923076923077,-1.0,0.9636363636363636,1.0,1.0,1.0,0.8947368421052632,0.7647058823529411,135,0,1,1,0,0,1,0,0
819,819,1,0.9217391304347826,1.0,0.6842105263157895,0.0,0.2380952380952381,-0.2,0.3636363636363637,-1.0,130,0,1,0,1,0,0,0,1
849,849,1,0.6046511627906976,1.0,0.6744186046511628,1.0,0.42857142857142855,1.0,0.6842105263157895,1.0,129,0,1,0,1,0,0,0,1
61,61,0,0.8,1.0,0.7636363636363637,-1.0,0.875,-1.0,0.8333333333333334,1.0,136,2,0,0,1,0,1,0,0
373,373,0,0.8428571428571429,-1.0,0.9285714285714286,1.0,0.9722222222222222,1.0,0.9130434782608696,0.9047619047619048,134,0,1,0,1,0,1,0,0
769,769,1,0.7478260869565218,0.9767441860465116,0.5526315789473685,0.9047619047619048,0.047619047619047616,1.0,0.4545454545454545,-1.0,130,0,1,0,1,0,0,0,1
973,973,0,0.9833333333333332,0.9830508474576272,0.8823529411764706,-1.0,0.8936170212765957,-1.0,0.8666666666666667,-1.0,137,0,1,1,0,0,1,0,0
356,356,0,0.5857142857142857,-1.0,0.8809523809523809,1.0,0.9444444444444444,1.0,0.7826086956521741,1.0,134,0,1,0,1,0,1,0,0
345,345,0,0.8142857142857143,1.0,0.8809523809523809,-1.0,0.9166666666666666,-1.0,0.7826086956521741,-0.8888888888888888,134,0,0,0,1,0,1,0,0
395,395,0,0.8428571428571429,1.0,0.9523809523809524,-1.0,0.8888888888888888,-0.9375,0.7826086956521741,1.0,134,0,1,0,1,0,1,0,0
832,832,1,0.8434782608695652,0.3608247422680412,0.8421052631578947,0.96875,0.5714285714285714,0.8333333333333334,0.3636363636363637,1.0,130,0,1,0,1,0,0,0,1
765,765,1,0.7130434782608696,1.0,0.5,1.0,0.4761904761904762,1.0,0.4545454545454545,1.0,130,0,1,0,1,0,0,0,1
337,337,0,0.8142857142857143,-0.9473684210526316,0.8809523809523809,1.0,0.9166666666666666,1.0,0.8695652173913043,1.0,134,0,1,0,1,0,1,0,0
332,332,0,0.8142857142857143,1.0,0.9285714285714286,1.0,0.8611111111111112,1.0,0.8260869565217391,1.0,134,0,1,0,1,0,0,0,1
29,29,0,0.8923076923076924,0.9655172413793104,0.9272727272727272,-1.0,0.925,-1.0,0.8421052631578947,1.0,136,1,0,0,1,0,1,0,0
213,213,0,0.7,1.0,0.8780487804878049,1.0,0.8888888888888888,1.0,0.8260869565217391,1.0,135,0,1,0,1,0,1,0,0
468,468,1,0.9473684210526316,1.0,0.7142857142857143,1.0,0.8888888888888888,1.0,0.5714285714285714,1.0,133,0,1,0,1,0,1,0,0
779,779,1,0.9304347826086956,0.9813084112149532,0.0,,0.0,,0.0,,130,0,1,0,1,0,0,0,1
105,105,0,0.8,1.0,0.902439024390244,1.0,0.8888888888888888,1.0,0.7916666666666666,1.0,135,0,1,0,1,0,1,0,0
837,837,1,0.8347826086956521,1.0,0.5263157894736842,1.0,0.2857142857142857,-1.0,0.3636363636363637,0.0,130,0,1,0,1,0,0,0,1
276,276,0,0.9113924050632912,-0.9166666666666666,0.9761904761904762,1.0,0.9444444444444444,1.0,0.8260869565217391,1.0,134,0,1,0,1,0,1,0,0
834,834,1,0.8956521739130435,0.9902912621359224,0.7631578947368421,1.0,0.5238095238095238,1.0,0.3636363636363637,1.0,130,0,1,0,1,0,0,0,1
80,80,0,0.6153846153846154,1.0,0.8909090909090909,1.0,0.775,1.0,0.8888888888888888,1.0,136,0,1,1,0,0,1,0,0
242,242,0,0.6923076923076923,-1.0,0.9636363636363636,1.0,1.0,1.0,0.8947368421052632,0.17647058823529413,135,0,1,1,0,0,1,0,0
963,963,0,0.7846153846153846,1.0,0.6727272727272727,1.0,0.7948717948717948,1.0,0.4117647058823529,1.0,137,0,1,0,1,0,1,0,0
990,990,0,0.9833333333333332,1.0,0.8235294117647058,-1.0,0.8297872340425532,-1.0,0.9333333333333332,-1.0,137,0,1,1,0,0,1,0,0
821,821,1,0.9130434782608696,1.0,0.6578947368421053,1.0,0.2857142857142857,1.0,0.3636363636363637,1.0,130,0,1,0,1,0,0,0,1
618,618,1,0.9736842105263158,1.0,0.8888888888888888,-0.9375,0.8888888888888888,-1.0,0.7058823529411765,0.0,132,0,1,0,0,1,1,0,0
666,666,1,0.9913793103448276,0.9130434782608696,0.0,,0.0,,0.0,,131,0,1,0,1,0,1,0,0
899,899,0,0.8923076923076924,1.0,0.9090909090909092,-1.0,0.775,-1.0,0.9444444444444444,1.0,137,1,0,0,1,0,1,0,0
344,344,0,0.6571428571428571,-1.0,0.8571428571428571,1.0,0.9444444444444444,1.0,0.7826086956521741,1.0,134,0,1,0,1,0,1,0,0
967,967,0,0.5846153846153846,0.9210526315789472,0.6727272727272727,0.8378378378378378,0.7948717948717948,0.5483870967741935,0.4117647058823529,1.0,137,0,1,0,1,0,1,0,0
50,50,0,0.6923076923076923,1.0,0.8,1.0,0.875,1.0,0.7222222222222222,1.0,136,0,1,0,1,0,1,0,0
124,124,0,0.42857142857142855,0.9666666666666668,0.951219512195122,-1.0,0.8333333333333334,-1.0,0.39130434782608703,0.8888888888888888,135,2,0,0,1,0,1,0,0
844,844,1,0.686046511627907,1.0,0.813953488372093,1.0,0.6071428571428571,1.0,0.8421052631578947,1.0,129,0,1,0,1,0,0,0,1
38,38,0,0.953846153846154,1.0,0.9636363636363636,-1.0,0.9,-1.0,0.8421052631578947,1.0,136,1,0,0,1,0,1,0,0
842,842,1,0.9217391304347826,1.0,0.8421052631578947,1.0,0.7142857142857143,1.0,1.0,1.0,130,0,1,1,0,0,1,0,0
830,830,1,0.9130434782608696,1.0,0.7631578947368421,-0.9655172413793104,0.5714285714285714,-1.0,0.3636363636363637,-1.0,130,0,1,0,1,0,0,0,1
857,857,1,0.7906976744186046,1.0,0.7209302325581395,0.967741935483871,0.3928571428571429,1.0,0.7894736842105263,1.0,129,0,1,0,1,0,0,0,1
5,5,0,0.8461538461538461,-1.0,0.9636363636363636,1.0,0.95,1.0,0.7368421052631579,1.0,136,0,1,0,1,0,0,0,1
159,159,0,0.2857142857142857,0.55,0.7804878048780488,0.3125,0.75,0.5555555555555556,0.5652173913043478,0.8461538461538461,135,0,1,0,1,0,1,0,0
722,722,1,0.9181818181818182,1.0,0.631578947368421,-1.0,0.8181818181818182,-1.0,0.8,-1.0,131,0,1,0,1,0,1,0,0
843,843,1,0.9652173913043478,0.9639639639639641,0.9736842105263158,-1.0,0.95,-1.0,1.0,-1.0,130,0,1,1,0,0,1,0,0
443,443,0,0.057142857142857134,1.0,0.9285714285714286,1.0,0.9166666666666666,1.0,0.9565217391304348,1.0,134,0,1,1,0,0,1,0,0
662,662,1,0.9913793103448276,0.9130434782608696,0.0,,0.0,,0.0,,131,0,1,0,1,0,1,0,0
536,536,1,0.9561403508771931,1.0,0.5675675675675675,-1.0,0.2222222222222222,-1.0,0.5294117647058824,-1.0,132,0,1,0,1,0,0,0,1
739,739,1,0.9545454545454546,1.0,0.9473684210526316,-0.9444444444444444,0.8181818181818182,-1.0,0.7,-1.0,131,0,1,0,1,0,1,0,0
353,353,0,0.5857142857142857,1.0,0.9047619047619048,1.0,0.8611111111111112,1.0,0.8260869565217391,1.0,134,0,1,0,1,0,1,0,0
589,589,1,0.8859649122807017,1.0,0.5833333333333334,1.0,0.7222222222222222,1.0,0.5882352941176471,1.0,132,0,1,0,1,0,0,0,1
139,139,0,0.8571428571428571,1.0,0.951219512195122,1.0,0.8888888888888888,1.0,0.5652173913043478,1.0,135,0,1,0,1,0,1,0,0
862,862,1,0.6976744186046512,1.0,0.6744186046511628,1.0,0.21428571428571427,1.0,0.631578947368421,1.0,129,0,1,0,1,0,0,0,1
659,659,1,0.9913793103448276,0.9130434782608696,0.0,,0.0,,0.0,,131,0,1,0,1,0,1,0,0
993,993,0,0.975,1.0,0.7843137254901961,-1.0,0.8085106382978723,-1.0,0.7333333333333333,-1.0,137,0,1,1,0,0,1,0,0
670,670,1,0.9913793103448276,0.9130434782608696,1.0,-1.0,1.0,-1.0,1.0,-1.0,131,0,1,0,1,0,1,0,0
388,388,0,0.7142857142857143,1.0,0.9047619047619048,1.0,0.8055555555555556,1.0,0.7826086956521741,1.0,134,0,1,0,1,0,1,0,0
273,273,0,0.9113924050632912,-0.8888888888888888,0.9761904761904762,1.0,0.9444444444444444,1.0,0.8695652173913043,1.0,134,0,1,0,1,0,1,0,0
730,730,1,0.9090909090909092,0.98,0.631578947368421,0.5,0.3636363636363637,-1.0,0.3,-1.0,131,0,1,0,1,0,1,0,0
363,363,0,0.7285714285714285,1.0,0.8333333333333334,1.0,0.9444444444444444,1.0,0.7391304347826086,1.0,134,0,1,0,1,0,1,0,0
613,613,1,0.9385964912280702,1.0,0.7222222222222222,0.8461538461538461,0.7222222222222222,1.0,0.7058823529411765,1.0,132,0,1,0,0,1,1,0,0
256,256,0,0.7846153846153846,-1.0,0.9636363636363636,1.0,1.0,1.0,0.8947368421052632,0.8823529411764706,135,0,1,1,0,0,1,0,0
978,978,0,0.9833333333333332,0.9830508474576272,0.8823529411764706,-1.0,0.8723404255319149,-1.0,0.8666666666666667,-1.0,137,0,1,1,0,0,1,0,0
906,906,0,0.6307692307692307,0.0,0.9090909090909092,1.0,0.7,0.9285714285714286,0.6666666666666666,1.0,137,0,1,0,1,0,0,0,1
880,880,1,0.6506024096385542,0.4444444444444444,0.6097560975609756,0.88,0.75,0.3333333333333333,0.7272727272727273,-0.5625,129,0,1,0,1,0,1,0,0
743,743,1,0.9217391304347826,1.0,0.8421052631578947,0.84375,0.8571428571428571,-0.9444444444444444,0.9090909090909092,-1.0,130,0,1,0,1,0,1,0,0
646,646,1,0.9913793103448276,0.9130434782608696,0.0,,0.0,,0.0,,131,0,1,0,1,0,1,0,0
499,499,1,0.9210526315789472,1.0,0.8571428571428571,-0.9,0.7777777777777778,-1.0,0.6,-0.2222222222222222,133,0,1,0,1,0,1,0,0
489,489,1,0.9298245614035088,1.0,0.8,1.0,0.7222222222222222,1.0,0.6,1.0,133,0,1,0,1,0,1,0,0
691,691,1,0.8695652173913043,1.0,0.7368421052631579,1.0,0.7,1.0,0.8181818181818182,1.0,131,0,1,0,1,0,0,0,1
412,412,0,0.7681159420289855,0.8301886792452831,0.9047619047619048,1.0,0.8888888888888888,1.0,0.8260869565217391,1.0,134,0,1,0,1,0,1,0,0
657,657,1,0.9913793103448276,0.9130434782608696,0.0,,0.0,,0.0,,131,0,1,0,1,0,1,0,0
750,750,1,0.991304347826087,1.0,0.7631578947368421,-0.9655172413793104,0.8571428571428571,-1.0,0.9090909090909092,-0.9,130,0,1,0,1,0,0,0,1
283,283,0,0.8227848101265823,-0.953846153846154,0.9761904761904762,1.0,0.8611111111111112,1.0,0.9130434782608696,1.0,134,0,1,0,1,0,1,0,0
664,664,1,0.9913793103448276,0.9130434782608696,0.0,,0.0,,0.0,,131,0,1,0,1,0,1,0,0
515,515,1,0.8067226890756303,1.0,0.5675675675675675,1.0,0.6666666666666666,1.0,0.29411764705882354,1.0,132,0,1,0,1,0,0,0,1
759,759,1,0.982608695652174,1.0,0.18421052631578946,-1.0,0.0,,0.0,,130,0,1,0,1,0,1,0,0
494,494,1,0.9561403508771931,1.0,0.6857142857142857,1.0,0.7222222222222222,1.0,0.3333333333333333,1.0,133,0,1,0,1,0,1,0,0
51,51,0,0.8,1.0,0.8727272727272727,-1.0,0.925,-1.0,0.8333333333333334,1.0,136,2,0,0,1,0,1,0,0
205,205,0,0.6571428571428571,0.0,0.902439024390244,1.0,0.8888888888888888,1.0,0.7826086956521741,1.0,135,0,1,0,1,0,1,0,0
530,530,1,0.9210526315789472,1.0,0.7297297297297297,1.0,0.5555555555555556,1.0,0.5882352941176471,1.0,132,0,1,0,1,0,0,0,1
679,679,1,0.9655172413793104,0.9464285714285714,0.8947368421052632,-1.0,0.85,-1.0,0.7272727272727273,-1.0,131,0,1,0,1,0,1,0,0
663,663,1,0.9913793103448276,0.9130434782608696,0.0,,0.0,,0.0,,131,0,1,0,1,0,1,0,0
487,487,1,0.9035087719298246,1.0,0.6857142857142857,-1.0,0.6666666666666666,-1.0,0.4,-1.0,133,0,1,0,1,0,1,0,0
198,198,0,0.5428571428571428,0.9473684210526316,0.6341463414634146,1.0,0.7222222222222222,1.0,0.6521739130434783,1.0,135,0,1,0,1,0,1,0,0
651,651,1,0.9913793103448276,0.9130434782608696,0.0,,0.0,,0.0,,131,0,1,0,1,0,1,0,0
284,284,0,0.9493670886075948,-0.9733333333333334,0.9761904761904762,1.0,0.9444444444444444,1.0,0.9130434782608696,1.0,134,0,1,0,1,0,1,0,0
110,110,0,0.6857142857142857,1.0,0.7073170731707317,1.0,0.75,1.0,0.625,1.0,135,0,1,0,1,0,1,0,0
979,979,0,0.9833333333333332,1.0,0.8431372549019608,-1.0,0.8936170212765957,-1.0,0.9333333333333332,-1.0,137,0,1,1,0,0,1,0,0
860,860,1,0.7674418604651163,1.0,0.6511627906976745,1.0,0.21428571428571427,1.0,0.7368421052631579,1.0,129,0,1,0,1,0,0,0,1
678,678,1,0.9396551724137931,1.0,0.8684210526315791,-1.0,0.45,-1.0,0.7272727272727273,-1.0,131,0,1,0,1,0,1,0,0
3,3,0,0.7538461538461538,1.0,0.9272727272727272,1.0,0.95,1.0,0.631578947368421,1.0,136,0,1,0,1,0,0,0,1
321,321,0,0.8142857142857143,1.0,0.9523809523809524,-1.0,0.7222222222222222,-1.0,0.6521739130434783,1.0,134,2,0,0,1,0,1,0,0
340,340,0,0.8142857142857143,-1.0,0.9047619047619048,1.0,0.9166666666666666,1.0,0.9130434782608696,1.0,134,0,1,0,1,0,1,0,0
279,279,0,0.9367088607594936,0.945945945945946,0.9761904761904762,1.0,0.9444444444444444,1.0,0.9130434782608696,1.0,134,0,1,0,1,0,1,0,0
392,392,0,0.2571428571428571,-1.0,0.9523809523809524,0.8,0.8611111111111112,0.8709677419354839,0.7826086956521741,0.9444444444444444,134,0,1,0,1,0,1,0,0
959,959,0,0.8153846153846154,1.0,0.6727272727272727,1.0,0.8205128205128205,1.0,0.4117647058823529,1.0,137,0,1,0,1,0,1,0,0
547,547,1,0.9736842105263158,1.0,0.7297297297297297,-1.0,0.2777777777777778,-1.0,0.35294117647058826,-1.0,132,0,1,0,1,0,1,0,0
637,637,1,0.7478260869565218,1.0,0.6578947368421053,1.0,0.55,1.0,0.5454545454545454,1.0,131,0,1,0,1,0,0,0,1
9,9,0,0.9230769230769232,1.0,0.9818181818181818,-1.0,0.95,-1.0,0.7368421052631579,-1.0,136,0,0,0,1,0,0,0,1
698,698,1,0.9385964912280702,1.0,0.8421052631578947,1.0,0.9,0.2777777777777778,0.8181818181818182,1.0,131,0,1,0,1,0,0,0,1
490,490,1,0.9385964912280702,1.0,0.8285714285714286,1.0,0.7777777777777778,1.0,0.8,1.0,133,0,1,0,1,0,1,0,0
254,254,0,0.7692307692307693,1.0,0.9636363636363636,1.0,0.975,1.0,0.8421052631578947,1.0,135,0,1,1,0,0,1,0,0
686,686,1,0.7652173913043478,1.0,0.3947368421052632,1.0,0.1,0.0,0.4545454545454545,-1.0,131,0,1,0,1,0,0,0,1
447,447,0,0.7571428571428571,1.0,0.8048780487804879,-1.0,0.8333333333333334,-1.0,0.625,1.0,134,2,0,1,0,0,1,0,0
280,280,0,0.8481012658227848,0.9701492537313432,0.9523809523809524,1.0,0.8055555555555556,1.0,0.9130434782608696,1.0,134,0,1,0,1,0,1,0,0
592,592,1,0.8859649122807017,1.0,0.5833333333333334,1.0,0.6666666666666666,1.0,0.5882352941176471,1.0,132,0,1,0,1,0,0,0,1
318,318,0,0.7142857142857143,1.0,0.8809523809523809,1.0,0.7777777777777778,1.0,0.8260869565217391,1.0,134,0,1,0,1,0,1,0,0
401,401,0,0.8285714285714286,-0.9482758620689656,0.9761904761904762,0.951219512195122,0.9722222222222222,0.6285714285714286,0.8260869565217391,1.0,134,0,1,0,1,0,1,0,0
871,871,1,0.686046511627907,0.9830508474576272,0.5348837209302325,1.0,0.5,1.0,0.42105263157894735,0.875,129,0,1,0,1,0,1,0,0
264,264,0,0.9367088607594936,1.0,0.9285714285714286,1.0,1.0,1.0,0.9565217391304348,1.0,134,0,1,0,1,0,0,0,1
120,120,0,0.8,-0.875,0.8536585365853658,-1.0,0.7777777777777778,-0.9285714285714286,0.7826086956521741,1.0,135,2,0,0,1,0,1,0,0
297,297,0,0.7468354430379747,-1.0,0.9285714285714286,1.0,0.9444444444444444,1.0,0.7391304347826086,1.0,134,0,1,0,1,0,1,0,0
672,672,1,0.9741379310344828,0.9646017699115044,0.0,,0.0,,0.0,,131,0,1,0,1,0,1,0,0
955,955,0,0.7846153846153846,0.9803921568627452,0.5454545454545454,0.3,0.6666666666666666,1.0,0.4117647058823529,1.0,137,0,1,0,1,0,1,0,0
300,300,0,0.7848101265822784,-1.0,0.9761904761904762,1.0,0.9444444444444444,1.0,0.6956521739130435,1.0,134,0,1,0,1,0,1,0,0
911,911,0,0.7076923076923077,-0.9347826086956522,0.9090909090909092,1.0,0.725,1.0,0.3888888888888889,0.14285714285714285,137,0,1,0,1,0,0,0,1
715,715,1,0.9823008849557522,0.945945945945946,0.8684210526315791,-0.9393939393939394,1.0,-1.0,0.9,-1.0,131,0,1,0,1,0,1,0,0
15,15,0,0.8,1.0,0.9090909090909092,-1.0,0.95,-1.0,0.5263157894736842,1.0,136,1,0,0,1,0,1,0,0
298,298,0,0.810126582278481,-1.0,0.9285714285714286,1.0,0.8611111111111112,1.0,0.9130434782608696,1.0,134,0,1,0,1,0,1,0,0
227,227,0,0.9384615384615383,-1.0,0.9818181818181818,1.0,1.0,1.0,0.9473684210526316,-0.3888888888888889,135,0,1,1,0,0,1,0,0
982,982,0,0.9833333333333332,1.0,0.8431372549019608,-1.0,0.8723404255319149,-1.0,0.9333333333333332,-1.0,137,0,1,1,0,0,1,0,0
186,186,0,0.5857142857142857,1.0,0.7073170731707317,1.0,0.7777777777777778,1.0,0.7391304347826086,1.0,135,0,1,0,1,0,1,0,0
306,306,0,0.9493670886075948,-0.8933333333333333,0.9761904761904762,1.0,0.9444444444444444,1.0,0.8695652173913043,1.0,134,0,1,0,1,0,1,0,0
565,565,1,0.912280701754386,1.0,0.8055555555555556,1.0,0.4444444444444444,-1.0,0.35294117647058826,1.0,132,0,1,0,1,0,1,0,0
419,419,0,0.8840579710144928,-1.0,0.9523809523809524,0.95,1.0,1.0,0.7826086956521741,1.0,134,0,1,0,1,0,1,0,0
718,718,1,0.9545454545454546,1.0,0.9473684210526316,-0.9444444444444444,0.8181818181818182,-1.0,0.9,-1.0,131,0,1,0,1,0,1,0,0
766,766,1,0.7565217391304347,1.0,0.6578947368421053,0.96,0.19047619047619047,1.0,0.5454545454545454,0.5,130,0,1,0,1,0,0,0,1
390,390,0,0.6428571428571429,1.0,0.8333333333333334,0.9714285714285714,0.75,0.9629629629629628,0.7391304347826086,1.0,134,0,1,0,1,0,1,0,0
142,142,0,0.9,-1.0,0.8780487804878049,1.0,0.8611111111111112,1.0,0.6086956521739131,1.0,135,0,1,0,1,0,1,0,0
236,236,0,0.7230769230769231,0.7446808510638298,0.9636363636363636,1.0,1.0,1.0,0.7894736842105263,1.0,135,0,1,1,0,0,1,0,0
523,523,1,0.8571428571428571,1.0,0.5945945945945946,-0.8181818181818182,0.7222222222222222,-1.0,0.5294117647058824,-0.7777777777777778,132,0,1,0,1,0,0,0,1
95,95,0,0.7692307692307693,0.98,0.8909090909090909,1.0,0.825,1.0,0.6111111111111112,1.0,136,0,1,1,0,0,1,0,0
696,696,1,0.9649122807017544,0.9818181818181818,0.8157894736842105,-0.967741935483871,0.9,-0.7222222222222222,1.0,-1.0,131,0,1,0,1,0,1,0,0
320,320,0,0.6857142857142857,1.0,0.8809523809523809,1.0,0.6944444444444444,1.0,0.6956521739130435,1.0,134,0,1,0,1,0,1,0,0
581,581,1,0.8421052631578947,0.9583333333333334,0.7222222222222222,-1.0,0.7777777777777778,-1.0,0.35294117647058826,-1.0,132,0,1,0,1,0,1,0,0
